20 3 100
-12120.144238 8182.176945 13.723301 -7269.137330 -8750.526346 16.595052 -3831.075370 2760.316290 13.058376 1771.454385 3742.723954 19.314343 14647.403905 -16328.812002 11.879173 8209.272264 -6860.941407 17.124040 -10284.903721 -588.138517 11.038070 1697.215533 12393.942679 13.123189 12454.333713 -6105.360057 17.898626 3245.820070 10148.266090 11.444708 -9381.211372 -17484.077920 13.146138 -10273.922983 1938.372056 17.663623 3010.276498 -4581.928064 12.996072 16067.559406 2592.073922 16.374721 -22193.239927 6997.950688 17.267882 -4368.095569 2440.814908 17.105253 18992.047717 5768.021410 16.649866 8733.779811 -4383.461689 13.444828 12212.686116 -2872.842146 17.473922 1919.255989 22752.804929 17.785812 
17613.878300
9904.808714
14583.732553
36294.492871
25289.930507
8960.275725
14445.013038
28426.021180
15491.235124
25811.981559
6511.039273
19795.252167
28736.664534
10142.467579
9646.631361
31205.714784
24347.102960
26726.392951
20233.832030
12013.316288
15421.206231
23189.764836
15593.322122
8701.690755
22967.021009
19900.055645
21627.035966
8985.309112
11103.210611
11092.500182
25947.177021
21696.621102
11561.235331
30007.300262
16588.086410
20349.167461
32815.948154
5688.010590
26567.819166
15412.286359
7270.766809
11107.148946
18542.242746
10230.554790
20991.415069
6495.065642
10035.569119
19899.346005
18844.803860
624.877450
23020.452591
14453.689824
17003.962967
20803.026528
23846.522423
12404.967478
12810.626079
8651.537252
14529.579120
6573.030065
23978.304179
12179.770183
8416.324106
14342.336430
24184.769475
6276.068897
17339.280968
10700.881667
12360.624373
19010.655538
11449.459054
29485.399189
31507.205768
10456.028239
28827.621793
24056.371121
30899.232147
16535.175128
18974.107773
43604.711850
26718.684746
22519.901791
13329.003864
13674.464357
41102.050208
19529.019470
20326.274721
4311.780361
17718.605965
20549.358723
20470.867690
5676.571041
12292.769241
33412.297701
15643.300551
16605.991337
2532.392923
5650.863490
30274.383178
17666.511088
23398.988282
17272.836195
16920.089484
2526.534435
13882.080969
26543.663350
14119.391652
6647.042769
29958.982869
19393.679416
22613.301819
26338.966480
21399.527874
2727.863514
31865.775647
15894.247842
17026.576773
17394.924954
24492.255749
11655.588839
18520.638567
18193.255183
18537.794920
10361.241677
18680.928414
24622.474477
24109.651153
9566.141422
9418.107969
37042.558114
18868.789931
13554.294222
4099.689662
3241.537537
30721.027798
30380.723470
15817.263110
14732.077267
14882.642228
25633.381765
10834.044263
16344.119082
15533.473996
15809.931891
12674.153684
19442.954947
17888.947497
32414.376546
27631.825862
20545.867815
36683.810524
22355.738664
26072.679563
41793.627552
14798.117094
26349.592418
12948.723966
5927.161738
29515.474843
20031.433983
22995.551111
24122.898443
14898.286527
27736.453128
10186.230569
19040.442889
5726.943258
9359.771229
27356.497466
38513.640644
20436.214755
4317.322588
10121.384303
6687.701826
24629.851082
18398.458031
41203.648435
32954.773518
35793.858385
28803.261820
23595.902132
14772.606051
17411.412136
21262.825029
14432.070868
10982.907935
24082.422814
3792.724678
27978.825939
27615.729066
