100 250
1 2 22845.010269
1 3 17667.880442
1 4 13944.724169
1 5 7835.724748
1 6 4155.089073
1 7 15562.431482
1 8 24698.368374
1 9 4260.800576
1 10 6444.806264
1 11 9919.982966
1 12 1849.869239
1 13 17102.401674
1 14 10059.708317
1 15 24570.880035
1 16 10054.599631
1 17 15516.798680
1 18 3859.245137
1 19 9533.630111
1 20 4028.349296
1 21 18952.810783
1 22 21777.778048
1 23 8769.418622
1 24 17138.392719
1 25 7353.715844
1 26 13265.732596
1 27 20810.584657
1 28 14937.254797
1 29 8382.783268
1 30 7480.625583
1 31 11314.813539
1 32 10566.141331
1 33 8990.157949
1 34 13957.979997
1 35 18563.634143
1 36 10608.369591
1 37 10733.894714
1 38 3121.818968
1 39 610.850401
1 40 7254.631628
1 41 7938.014572
1 42 16342.253349
1 43 23923.398102
1 44 23393.271820
1 45 11447.158346
1 46 6011.959921
1 47 19097.448607
1 48 18983.184578
1 49 18516.201624
1 50 18592.208537
1 51 2648.010418
1 52 17039.010762
1 53 11581.514465
1 54 5304.080131
1 55 2462.968442
1 56 20589.361848
1 57 4375.243435
1 58 4089.247745
1 59 16649.680410
1 60 22359.734384
1 61 12913.955209
1 62 17567.557674
1 63 3839.759415
1 64 23836.426747
1 65 13522.102031
1 66 16993.347455
1 67 914.075451
1 68 20230.096282
1 69 18715.471794
1 70 3004.675450
1 71 13126.129119
1 72 8145.840719
1 73 13661.235998
1 74 9972.018810
1 75 10377.334665
1 76 4518.444006
1 77 6384.668512
1 78 513.394366
1 79 23091.890316
1 80 16342.497225
1 81 23315.339301
1 82 4087.809213
1 83 23027.431397
1 84 19866.447135
1 85 14434.854918
1 86 11000.889894
1 87 6440.343418
1 88 18798.659847
1 89 5716.737053
1 90 1604.677185
1 91 19183.237769
1 92 16780.054634
1 93 17880.312870
1 94 16051.520711
1 95 10476.207341
1 96 9769.052055
1 97 20403.502572
1 98 7935.696591
1 99 20363.494323
1 100 19726.837873
2 3 35980.418962
2 4 24158.452397
2 5 17083.715629
2 6 26426.421800
2 7 24032.399385
2 8 2847.105841
2 9 22469.154468
2 10 29289.033198
2 11 18491.022075
2 12 24164.211693
2 13 23917.443013
2 14 24803.587325
2 15 47130.225400
2 16 27148.145210
2 17 20793.809164
2 18 26398.382154
2 19 28758.004421
2 20 20228.649828
2 21 41730.860288
2 22 1840.771268
2 23 17417.012975
2 24 31117.958470
2 25 26976.638601
2 26 14806.504748
2 27 42040.851778
2 28 11479.645906
2 29 29274.300681
2 30 30275.202493
2 31 24536.353935
2 32 22799.082877
2 33 28228.838951
2 34 22189.445116
2 35 16803.709377
2 36 33450.049151
2 37 21477.884903
2 38 25912.798862
2 39 22757.136788
2 40 20340.121020
2 41 15693.497675
2 42 9019.077235
2 43 15379.613809
2 44 5698.864533
2 45 34147.265909
2 46 23068.625991
2 47 32135.285339
2 48 35530.611836
2 49 40164.341469
2 50 39283.905027
2 51 25041.287577
2 52 36935.953121
2 53 12270.580705
2 54 19708.953292
2 55 21876.879562
2 56 36442.878230
2 57 22847.124951
2 58 18999.625908
2 59 17401.422204
2 60 28231.261019
2 61 13596.586322
2 62 20637.299676
2 63 21227.412678
2 64 10019.293631
2 65 31003.219035
2 66 7139.216769
2 67 21971.664906
2 68 28181.010596
2 69 32586.367682
2 70 24941.076333
2 71 31348.169859
2 72 21219.669633
2 73 26960.466191
2 74 24099.722312
2 75 15005.071271
2 76 27363.096548
2 77 28895.978208
2 78 22501.690731
2 79 13276.837143
2 80 21273.762984
2 81 19137.573051
2 82 19444.820706
2 83 45817.613266
2 84 24120.503406
2 85 35262.179091
2 86 33375.467463
2 87 20615.600249
2 88 35530.493071
2 89 28245.956038
2 90 22897.533538
2 91 13656.100337
2 92 29891.239030
2 93 33111.208912
2 94 29419.168393
2 95 29820.289173
2 96 23712.901042
2 97 17653.058958
2 98 18990.837279
2 99 43207.409091
2 100 15815.361159
3 4 13013.700810
3 5 25183.654364
3 6 13909.761731
3 7 32748.473642
3 8 38511.766556
3 9 14973.888975
3 10 14848.719403
3 11 27578.517265
3 12 18122.224928
3 13 15482.832256
3 14 11177.068454
3 15 16643.127424
3 16 25408.599845
3 17 33122.701101
3 18 14472.802051
3 19 23439.613582
3 20 17373.274392
3 21 15143.970587
3 22 34380.040045
3 23 18641.433808
3 24 7118.841243
3 25 22128.432110
3 26 30586.098237
3 27 26467.180464
3 28 31561.214420
3 29 21008.035344
3 30 13772.792455
3 31 28076.009011
3 32 13265.532574
3 33 23178.288057
3 34 31387.063799
3 35 22888.663190
3 36 14841.347987
3 37 14633.478384
3 38 15566.942051
3 39 17232.298130
3 40 24896.489258
3 41 24639.250498
3 42 27204.033767
3 43 28853.436065
3 44 33933.354588
3 45 12345.591879
3 46 13638.851432
3 47 8124.830544
3 48 3099.570210
3 49 23985.676662
3 50 26205.753667
3 51 15196.394942
3 52 26600.320152
3 53 23871.357795
3 54 22941.257525
3 55 20105.571965
3 56 4630.921057
3 57 21589.263580
3 58 19247.231511
3 59 34271.552409
3 60 39297.687861
3 61 29938.193778
3 62 35208.094985
3 63 16362.898706
3 64 32066.612926
3 65 4982.811231
3 66 32217.033217
3 67 18393.120599
3 68 14185.803735
3 69 33291.516197
3 70 18606.042428
3 71 26288.857909
3 72 25669.856194
3 73 29782.218626
3 74 11884.126259
3 75 27485.931481
3 76 15481.729874
3 77 12896.849343
3 78 18176.818413
3 79 40049.347427
3 80 17442.519298
3 81 40923.618985
3 82 18412.385968
3 83 21110.790983
3 84 17850.483896
3 85 23606.164980
3 86 18352.321973
3 87 15802.910950
3 88 2781.414912
3 89 13307.171718
3 90 16377.911616
3 91 25658.575512
3 92 8390.513337
3 93 5140.850606
3 94 8322.590143
3 95 7211.068087
3 96 26706.024406
3 97 23800.634595
3 98 25593.862641
3 99 17547.689441
3 100 37177.502431
4 5 18518.579999
4 6 13046.534876
4 7 28680.435173
4 8 26885.090963
4 9 9686.345889
4 10 16441.500648
4 11 21702.625739
4 12 15546.531642
4 13 3552.820483
4 14 4504.091277
4 15 28131.178954
4 16 23994.412995
4 17 27708.403232
4 18 13622.495888
4 19 23216.661928
4 20 10764.158276
4 21 24584.467049
4 22 22418.122084
4 23 8497.537920
4 24 7005.541289
4 25 21137.457688
4 26 23055.938318
4 27 32027.257081
4 28 22769.219344
4 29 21531.308868
4 30 16317.417420
4 31 24974.109092
4 32 3395.625040
4 33 22717.235342
4 34 26779.816565
4 35 9881.670741
4 36 19425.958490
4 37 3739.247579
4 38 14324.168762
4 39 13334.745369
4 40 19992.030371
4 41 17087.257267
4 42 15141.410663
4 43 15911.867174
4 44 21318.869181
4 45 18171.866128
4 46 8002.865631
4 47 8009.884719
4 48 11735.865766
4 49 29461.023167
4 50 30552.006727
4 51 13104.260102
4 52 29710.264533
4 53 13070.148570
4 54 17603.155486
4 55 15956.828779
4 56 12402.123397
4 57 18165.346693
4 58 12409.958634
4 59 27436.507353
4 60 35507.589608
4 61 21921.072808
4 62 29419.207017
4 63 10343.079712
4 64 19115.540556
4 65 8622.017044
4 66 21962.014321
4 67 14050.825411
4 68 6368.562976
4 69 32659.427254
4 70 16624.298710
4 71 26783.029392
4 72 21204.556192
4 73 27493.682653
4 74 4219.886711
4 75 19961.657514
4 76 15473.264433
4 77 14401.372558
4 78 14249.182758
4 79 31055.773053
4 80 4558.211778
4 81 33599.775525
4 82 11564.410118
4 83 30318.118344
4 84 6546.538538
4 85 26747.190599
4 86 21911.687847
4 87 7955.903179
4 88 11803.654229
4 89 14187.078055
4 90 12378.880489
4 91 12681.523964
4 92 5737.379046
4 93 9118.096341
4 94 5310.649852
4 95 9803.492682
4 96 23395.234136
4 97 10908.021446
4 98 19975.887870
4 99 26823.385382
4 100 29418.339926
5 6 11988.239767
5 7 10715.323579
5 8 18362.886233
5 9 10386.132767
5 10 13644.593237
5 11 3289.786772
5 12 8309.357894
5 13 20837.855620
5 14 15872.865854
5 15 31934.368908
5 16 10280.078289
5 17 9218.384493
5 18 11649.742913
5 19 11685.569531
5 20 8233.902059
5 21 26084.612026
5 22 16486.195552
5 23 10475.039127
5 24 23468.278000
5 25 9906.313068
5 26 5445.896294
5 27 24958.453524
5 28 7322.830109
5 29 12267.317820
5 30 14866.825402
5 31 8573.688892
5 32 15321.560387
5 33 11149.877170
5 34 8640.473289
5 35 19115.859934
5 36 17500.857655
5 37 14789.615671
5 38 10760.719964
5 39 8126.483272
5 40 3374.737203
5 41 1995.504333
5 42 13355.503295
5 43 23005.129104
5 44 19262.541436
5 45 18865.179838
5 46 12033.068137
5 47 25263.966117
5 48 26138.306689
5 49 23122.367873
5 50 22207.041995
5 51 10483.713521
5 52 19912.535433
5 53 9251.727100
5 54 2904.317921
5 55 5791.024542
5 56 27627.688253
5 57 5964.984691
5 58 6329.595091
5 59 9229.584544
5 60 17321.879598
5 61 5129.926771
5 62 10906.232277
5 63 9087.276551
5 64 21066.504331
5 65 20683.957300
5 66 10301.540449
5 67 6975.948076
5 68 24789.302659
5 69 17278.107722
5 70 8684.435260
5 71 14474.511257
5 72 4513.134667
5 73 11351.584805
5 74 15489.550070
5 75 2620.057089
5 76 11832.953527
5 77 14107.958479
5 78 7334.413385
5 79 15262.777555
5 80 19166.309839
5 81 15800.783490
5 82 7233.328267
5 83 29386.384114
5 84 23036.466419
5 85 18179.984277
5 86 16702.518443
5 87 10769.252711
5 88 25992.696833
5 89 13451.826238
5 90 8861.781762
5 91 18362.147411
5 92 22798.679363
5 93 24634.653402
5 94 22093.902105
5 95 17984.540994
5 96 7295.814097
5 97 20982.536346
5 98 2237.238787
5 99 27174.812508
5 100 11996.908535
6 7 18865.165381
6 8 28440.064888
6 9 4670.389442
6 10 3658.039772
6 11 13913.022739
6 12 4217.409928
6 13 16525.888861
6 14 8609.566394
6 15 20727.616852
6 16 12044.311454
6 17 19250.277713
6 18 646.176523
6 19 10633.056265
6 20 6335.533127
6 21 15346.539609
6 22 25225.513981
6 23 10602.291830
6 24 14546.268852
6 25 8826.020213
6 26 17409.576862
6 27 19374.692347
6 28 19068.249670
6 29 8635.143117
6 30 4128.245351
6 31 14268.887606
6 32 9988.176971
6 33 10214.978175
6 34 17477.491411
6 35 19749.098185
6 36 7574.138800
6 37 10673.694051
6 38 1701.524276
6 39 3946.469859
6 40 11096.906232
6 41 12033.137018
6 42 19200.051602
6 43 25558.985834
6 44 26397.490229
6 45 7745.966086
6 46 5500.624214
6 47 16566.688509
6 48 15568.968131
6 49 16883.445771
6 50 17632.490126
6 51 1515.541283
6 52 16667.081143
6 53 14593.514335
6 54 9377.624578
6 55 6393.805090
6 56 17254.232319
6 57 7683.181579
6 58 7438.972169
6 59 20671.252247
6 60 25500.346050
6 61 17067.750743
6 62 21360.886273
6 63 5475.382178
6 64 26293.342672
6 65 10261.560904
6 66 20923.438136
6 67 5039.380611
6 68 18890.024239
6 69 20523.714906
6 70 4750.475243
6 71 14059.011238
6 72 11786.249580
6 73 16214.848261
6 74 8827.197692
6 75 14531.339263
6 76 2432.154846
6 77 2476.001467
6 78 4653.828574
6 79 27246.798082
6 80 16419.262746
6 81 27334.124285
6 82 6999.301334
6 83 19950.087942
6 84 19478.046633
6 85 13726.512564
6 86 9156.137310
6 87 7356.134808
6 88 15350.378382
6 89 1848.781665
6 90 3549.770235
6 91 20993.460372
6 92 14479.593554
6 93 14872.767881
6 94 13770.823588
6 95 6910.135533
6 96 12844.607321
6 97 21464.613740
6 98 11944.572588
6 99 16992.115254
6 100 23831.524989
7 8 24165.019097
7 9 19491.554327
7 10 18432.444877
7 11 7464.869442
7 12 14698.259115
7 13 31300.388453
7 14 25378.675739
7 15 34678.702163
7 16 8433.575727
7 17 3399.486563
7 18 18283.421293
7 19 11047.627169
7 20 17936.770948
7 21 28631.116750
7 22 24145.523718
7 23 21076.328047
7 24 32681.320495
7 25 11239.936404
7 26 9391.162730
7 27 22265.334102
7 28 12602.161838
7 29 13337.440494
7 30 19714.486684
7 31 4824.863983
7 32 25336.258442
7 33 10943.277189
7 34 2119.915166
7 35 29776.896267
7 36 20776.018701
7 37 25038.995821
7 38 17187.807334
7 39 16121.384884
7 40 8691.920304
7 41 12620.860869
7 42 23226.598486
7 43 33266.762065
7 44 27843.863372
7 45 23055.463820
7 46 21294.927337
7 47 34619.349124
7 48 34394.140374
7 49 21435.949912
7 50 19239.095221
7 51 17698.518822
7 52 16441.377604
7 53 19721.360134
7 54 11077.890243
7 55 13151.281671
7 56 36048.074150
7 57 11274.596423
7 58 16286.441540
7 59 7191.742723
7 60 6845.616937
7 61 10817.996080
7 62 4775.715890
7 63 18495.001903
7 64 30533.986719
7 65 28988.920492
7 66 17024.464470
7 67 15097.470743
7 68 35040.908030
7 69 8845.963484
7 70 14142.546835
7 71 10973.641378
7 72 7527.387394
7 73 4686.236124
7 74 25153.648799
7 75 10720.269334
7 76 17359.831005
7 77 20009.364997
7 78 15107.805887
7 79 15317.497840
7 80 29788.593402
7 81 11512.774012
7 82 17117.314181
7 83 29867.046814
7 84 33640.179364
7 85 16429.054852
7 86 18221.754476
7 87 20728.119210
7 88 34187.293900
7 89 19516.036115
7 90 17115.184105
7 91 28779.066107
7 92 32254.402541
7 93 33431.630477
7 94 31527.476416
7 95 25752.127746
7 96 6051.163790
7 97 31627.244640
7 98 8819.654907
7 99 28841.551396
7 100 10506.031386
8 9 24679.866278
8 10 31129.423062
8 11 19327.347301
8 12 25894.582337
8 13 26731.686648
8 14 27347.554161
8 15 49167.151822
8 16 28109.557924
8 17 20821.503310
8 18 28364.139721
8 19 29904.690333
8 20 22368.258716
8 21 43648.416315
8 22 4687.812176
8 23 19885.089262
8 24 33817.425308
8 25 28249.438081
8 26 15300.912558
8 27 43235.226557
8 28 11977.310852
8 29 30630.172944
8 30 32173.732264
8 31 25216.940562
8 32 25402.738336
8 33 29398.872745
8 34 22463.899191
8 35 19650.299103
8 36 35252.129759
8 37 24102.448742
8 38 27804.166189
8 39 24665.259442
8 40 21471.545803
8 41 17195.293625
8 42 11774.460113
8 43 18041.319690
8 44 8167.404756
8 45 36103.217340
8 46 25400.105594
8 47 34878.672630
8 48 38161.332652
8 49 41471.659493
8 50 40404.654108
8 51 27012.136637
8 52 37957.249356
8 53 14673.965827
8 54 21128.742567
8 55 23515.769701
8 56 39114.777826
8 57 24271.206968
8 58 21004.221481
8 59 17211.279132
8 60 27748.058719
8 61 14289.275055
8 62 20368.555958
8 63 23391.185316
8 64 12542.284313
8 65 33529.189416
8 66 8068.398517
8 67 23803.711603
8 68 31009.843509
8 69 32902.782116
8 70 26590.765174
8 71 32268.752093
8 72 22222.645750
8 73 27478.681560
8 74 26653.309457
8 75 16060.753265
8 76 29205.419830
8 77 30890.850685
8 78 24321.319884
8 79 11817.708401
8 80 24091.667557
8 81 17938.497899
8 82 21524.370733
8 83 47513.537039
8 84 26965.920951
8 85 36471.352568
8 86 34941.348361
8 87 22978.926029
8 88 38151.647274
8 89 30231.495601
8 90 24891.833802
8 91 16494.613288
8 92 32608.578322
8 93 35780.867750
8 94 32121.046010
8 95 32198.663622
8 96 24549.381236
8 97 20482.881422
8 98 20089.292588
8 99 45028.991506
8 100 15078.415233
9 10 8286.203856
9 11 13144.873678
9 12 5892.848625
9 13 12892.065185
9 14 5897.973766
9 15 24777.335161
9 16 14308.255593
9 17 19049.073185
9 18 4988.471832
9 19 13632.237159
9 20 2437.207077
9 21 19706.372460
9 22 21135.120572
9 23 5953.986185
9 24 13271.901432
9 25 11503.697484
9 26 15691.098508
9 27 23858.630103
9 28 16599.757209
9 29 12170.087158
9 30 8784.477905
9 31 15459.295006
9 32 6316.561428
9 33 13111.937522
9 34 17746.115547
9 35 15174.469004
9 36 12235.981388
9 37 6592.429166
9 38 5239.489877
9 39 3650.157955
9 40 10887.241259
9 41 9673.851941
9 42 14752.999833
9 43 20911.068702
9 44 21970.617969
9 45 12161.167678
9 46 1806.125466
9 47 15165.389209
9 48 15758.362710
9 49 21414.656259
9 50 21932.815974
9 51 3937.112181
9 52 20683.014213
9 53 10320.948276
9 54 8600.678229
9 55 6411.504433
9 56 17242.018293
9 57 8553.265665
9 58 4273.429173
9 59 19605.966647
9 60 26331.349803
9 61 14976.058154
9 62 20983.237027
9 63 1396.927359
9 64 21669.837454
9 65 10321.813144
9 66 17627.327101
9 67 4456.466882
9 68 15972.233056
9 69 22973.215383
9 70 7006.302735
9 71 17222.717171
9 72 11969.365548
9 73 17884.378451
9 74 5743.035349
9 75 12554.145741
9 76 6708.793343
9 77 6993.671153
9 78 4589.041249
9 79 25076.847922
9 80 12312.957366
9 81 26184.123095
9 82 3454.521132
9 83 24547.074361
9 84 15709.148554
9 85 17883.397608
9 86 13683.539603
9 87 2707.381348
9 88 15618.879374
9 89 6448.674871
9 90 2697.114069
9 91 16325.319014
9 92 12770.832779
9 93 14284.978815
9 94 12045.654972
9 95 7911.099936
9 96 13891.946245
9 97 16932.623539
9 98 11217.861349
9 99 21488.426577
9 100 22303.358542
10 11 14840.660009
10 12 5360.403282
10 13 19967.088008
10 14 11944.271842
10 15 18303.089546
10 16 10615.183529
10 17 19457.451391
10 18 3302.460701
10 19 8595.644899
10 20 9668.193735
10 21 12552.948524
10 22 28204.662860
10 23 14157.164185
10 24 16981.204880
10 25 7368.656543
10 26 18824.867016
10 27 15745.129024
10 28 20955.222382
10 29 6203.881847
10 30 1312.593564
10 31 13624.659268
10 32 13524.953879
10 33 8330.552016
10 34 17395.827187
10 35 23406.131999
10 36 4182.416747
10 37 14285.039700
10 38 3420.384803
10 39 6557.967904
10 40 11872.908069
10 41 14167.145909
10 42 22516.958435
10 43 29196.154115
10 44 29662.969613
10 45 5228.666935
10 46 9144.189909
10 47 18993.752000
10 48 17052.322140
10 49 13237.933099
10 50 14113.434416
10 51 4528.547237
10 52 13374.783725
10 53 17817.404992
10 54 10777.100535
10 55 7875.846904
10 56 18797.660130
10 57 8187.892539
10 58 10395.795251
10 59 21485.044211
10 60 24695.715270
10 61 18760.052405
10 62 21627.187740
10 63 8932.269998
10 64 29775.879998
10 65 12216.605095
10 66 23353.655829
10 67 7328.515221
10 68 22019.942262
10 69 18505.315804
10 70 5036.755916
10 71 11621.880486
10 72 12187.277651
10 73 15036.561883
10 74 12253.623686
10 75 16264.484372
10 76 1926.476189
10 77 2228.597325
10 78 6808.154311
10 79 28732.794720
10 80 20004.487509
10 81 28042.439627
10 82 10150.993711
10 83 16642.095015
10 84 22944.217391
10 85 10354.628794
10 86 5529.346761
10 87 10988.610681
10 88 16790.175470
10 89 2264.485470
10 90 6617.705168
10 91 24603.530832
10 92 17144.152587
10 93 16897.292816
10 94 16471.743897
10 95 8753.050671
10 96 12437.730839
10 97 25122.380718
10 98 13006.695382
10 99 13918.742200
10 100 24902.970354
11 12 9827.567410
11 13 24100.393241
11 14 18840.980992
11 15 32836.268680
11 16 8798.792485
11 17 6010.071001
11 18 13465.738660
11 19 10792.152132
11 20 11192.054234
11 21 26846.763566
11 22 18188.296860
11 23 13757.092661
11 24 26382.521820
11 25 9499.482438
11 26 4393.954432
11 27 24060.431225
11 28 7438.377479
11 29 12020.204206
11 30 16134.908434
11 31 6104.775277
11 32 18452.338939
11 33 10342.568419
11 34 5369.295104
11 35 22314.871706
11 36 18306.250467
11 37 17989.462257
11 38 12453.438639
11 39 10346.802735
11 40 2970.939532
11 41 5156.295490
11 42 16075.442760
11 43 25965.012073
11 44 21409.373642
11 45 20025.635601
11 46 14878.080102
11 47 28228.706623
11 48 28762.866684
11 49 22487.851865
11 50 21162.325599
11 51 12483.378102
11 52 18651.013040
11 53 12304.052753
11 54 4642.543714
11 55 7526.818635
11 56 30312.164244
11 57 6654.233249
11 58 9359.686780
11 59 6759.541986
11 60 14032.108040
11 61 5056.051911
11 62 7846.365407
11 63 11941.380814
11 64 23630.457329
11 65 23286.520194
11 66 11385.816319
11 67 9188.960345
11 68 28006.580721
11 69 14613.351220
11 70 9826.377694
11 71 12941.494412
11 72 3084.280944
11 73 8725.241774
11 74 18507.974642
11 75 3664.465230
11 76 13223.156210
11 77 15736.607846
11 78 9408.298761
11 79 14043.020323
11 80 22454.316022
11 81 13421.127952
11 82 10248.823091
11 83 29542.022160
11 84 26323.234784
11 85 17368.495463
11 86 16879.476888
11 87 13855.373455
11 88 28596.829434
11 89 15118.314184
11 90 11227.598339
11 91 21400.782793
11 92 25785.433659
11 93 27423.403183
11 94 25071.118184
11 95 20374.114476
11 96 5232.588776
11 97 24168.971132
11 98 1984.848315
11 99 27672.086484
11 100 10063.972900
12 13 18784.887440
12 14 11483.966328
12 15 23662.878413
12 16 8493.814364
12 17 15037.379471
12 18 3693.696601
12 19 7755.787648
12 20 5878.154173
12 21 17890.489708
12 22 23180.276009
12 23 10616.237833
12 24 18259.120048
12 25 5611.225350
12 26 13585.615807
12 27 19028.084357
12 28 15604.032739
12 29 6532.921566
12 30 6559.622402
12 31 10202.672111
12 32 12199.631909
12 33 7226.440910
12 34 13266.563252
12 35 20413.470307
12 36 9375.829028
12 37 12458.999154
12 38 2638.269950
12 39 2376.900650
12 40 6939.962445
12 41 8823.858376
12 42 18003.390510
12 43 25757.361946
12 44 24980.988280
12 45 10562.780681
12 46 7548.345459
12 47 20251.881679
12 48 19696.165241
12 49 16770.212521
12 50 16766.529522
12 51 3008.584236
12 52 15189.655198
12 53 13231.245624
12 54 5485.012328
12 55 2521.384286
12 56 21355.300104
12 57 3467.080229
12 58 5787.560599
12 59 16578.513140
12 60 21397.252980
12 61 13436.825690
12 62 17155.119242
12 63 5649.614485
12 64 25567.192270
12 65 14306.500838
12 66 18041.248601
12 67 2407.493879
12 68 21764.994908
12 69 17157.550847
12 70 1158.654291
12 71 11350.666901
12 72 7572.920935
12 73 12353.563181
12 74 11472.714998
12 75 10925.707081
12 76 3523.707988
12 77 5916.389977
12 78 1887.910225
12 79 23493.047165
12 80 18118.673111
12 81 23224.520767
12 82 5892.026942
12 83 21654.355679
12 84 21590.005972
12 85 12601.695091
12 86 9368.110513
12 87 8235.479207
12 88 19489.110565
12 89 5291.465297
12 90 3207.094566
12 91 21010.026301
12 92 18010.344737
12 93 18818.256227
12 94 17284.520288
12 95 11056.954415
12 96 8723.267619
12 97 22252.663002
12 98 7896.491940
12 99 19147.995676
12 100 19847.059025
13 14 8048.949141
13 15 31247.302520
13 16 27143.835404
13 17 30050.930541
13 18 17086.356663
13 19 26515.123316
13 20 13612.387344
13 21 27955.703298
13 22 22105.951590
13 23 10400.599469
13 24 8663.816584
13 25 24395.706897
13 26 24939.824848
13 27 35577.622829
13 28 24216.257126
13 29 24923.576000
13 30 19865.532188
13 31 27852.378854
13 32 6618.725469
13 33 26000.362723
13 34 29327.559696
13 35 7987.477310
13 36 22977.640067
13 37 6406.326476
13 38 17739.139063
13 39 16499.413790
13 40 22673.216380
13 41 19218.456660
13 42 15021.493994
13 43 13543.457979
13 44 20342.115433
13 45 21691.366352
13 46 11313.658823
13 47 8880.673157
13 48 13648.328062
13 49 33012.624209
13 50 34080.470675
13 51 16491.058321
13 52 33191.520561
13 53 14064.813022
13 54 20289.245381
13 55 18949.200896
13 56 13907.068140
13 57 21185.864897
13 58 15058.019581
13 59 29407.533784
13 60 38072.510763
13 61 23683.063008
13 62 31631.366772
13 63 13358.274509
13 64 17531.701878
13 65 11612.068797
13 66 22780.806205
13 67 17107.037548
13 68 4400.223574
13 69 35780.371817
13 70 19893.509352
13 71 30099.410154
13 72 23933.794149
13 73 30453.700455
13 74 7715.870670
13 75 21963.937953
13 76 18942.351379
13 77 17945.459312
13 78 17360.832916
13 79 32204.870910
13 80 2650.207250
13 81 35294.778103
13 82 14281.475172
13 83 33748.761943
13 84 2993.718312
13 85 30246.705324
13 86 25450.980660
13 87 10817.304414
13 88 13786.941222
13 89 17718.546183
13 90 15583.515327
13 91 11180.555530
13 92 7285.581351
13 93 10904.157932
13 94 7192.073251
13 95 13226.013467
13 96 26275.456924
13 97 8487.823335
13 98 22499.045633
13 99 30227.708627
13 100 31054.054877
14 15 24605.356348
14 16 19977.129743
14 17 24812.865886
14 18 9206.152057
14 19 18991.773735
14 20 7656.245089
14 21 20582.373676
14 22 23206.436119
14 23 7530.498569
14 24 7611.168019
14 25 16982.318611
14 26 20911.379992
14 27 27529.812170
14 28 21250.359338
14 29 17184.172756
14 30 11816.662133
14 31 21342.374160
14 32 2326.574927
14 33 18516.442998
14 34 23604.406174
14 35 13063.031408
14 36 14961.963637
14 37 3675.770430
14 38 9980.454335
14 39 9455.261043
14 40 16740.016102
14 41 14793.771301
14 42 16062.250359
14 43 19202.077987
14 44 22935.220068
14 45 13837.481703
14 46 4092.021244
14 47 9394.695876
14 48 11008.627148
14 49 24967.085221
14 50 26051.008229
14 51 8820.952783
14 52 25246.321840
14 53 12750.340288
14 54 14409.445248
14 55 12305.145722
14 56 12229.290074
14 57 14415.645804
14 58 9543.310638
14 59 25069.951596
14 60 32221.556344
14 61 19984.858759
14 62 26682.875941
14 63 6926.464867
14 64 21488.759808
14 65 6205.242599
14 66 21326.383287
14 67 10346.720146
14 68 10341.998087
14 69 28635.727548
14 70 12494.691464
14 71 22520.159250
14 72 17852.198454
14 73 23720.509010
14 74 725.898474
14 75 17742.464678
14 76 11041.721124
14 77 9897.696069
14 78 10438.506383
14 79 29746.002528
14 80 8499.259938
14 81 31517.654119
14 82 8639.749117
14 83 26164.655752
14 84 11039.871061
14 85 22267.508903
14 86 17407.655110
14 87 5224.194084
14 88 10951.528222
14 89 9686.597608
14 90 8455.239680
14 91 15285.784419
14 92 6944.544111
14 93 9003.976858
14 94 6230.749333
14 95 5938.892518
14 96 19779.702597
14 97 14451.952732
14 98 16968.686930
14 99 22738.609185
14 100 27480.528321
15 16 26258.024678
15 17 36582.747840
15 18 20814.642516
15 19 23636.344933
15 20 26916.159666
15 21 6066.127083
15 22 45873.840472
15 23 30451.313143
15 24 23602.064600
15 25 23849.400151
15 26 37004.377398
15 27 17315.590955
15 28 39252.870252
15 29 21468.919298
15 30 17129.922784
15 31 30045.442279
15 32 26920.956940
15 33 23783.239649
15 34 34264.225391
15 35 37646.782566
15 36 14531.810885
15 37 28215.698895
15 38 21449.865971
15 39 24540.485882
15 40 29885.082923
15 41 32444.516271
15 42 39467.414655
15 43 43788.715103
15 44 46670.028130
15 45 13130.284006
15 46 24554.140622
15 47 24766.626492
15 48 19550.530229
15 49 15920.661034
15 50 18997.785899
15 51 22161.193684
15 52 21055.154645
15 53 35095.641747
15 54 29048.688222
15 55 26178.692788
15 56 20611.337196
15 57 26258.862332
15 58 28165.929510
15 59 39205.696398
15 60 39666.091539
15 61 37031.671633
15 62 38724.946239
15 63 25940.829420
15 64 45870.990803
15 65 19635.925708
15 66 41563.522176
15 67 25482.550864
15 68 30698.721178
15 69 30828.455327
15 70 23263.085438
15 71 24422.712258
15 72 29932.755567
15 73 30288.809610
15 74 25284.416776
15 75 34553.884383
15 76 20169.183636
15 77 18278.912570
15 78 24993.377829
15 79 46865.416319
15 80 32674.001740
15 81 45494.808220
15 82 27686.041052
15 83 7679.416544
15 84 33940.433003
15 85 19250.859689
15 86 16477.019373
15 87 27010.172263
15 88 19260.317776
15 89 18940.954135
15 90 24275.318051
15 91 39842.688381
15 92 24743.912338
15 93 21771.629100
15 94 24502.484854
15 95 18667.482642
15 96 29339.288955
15 97 38933.919248
15 98 31126.804440
15 99 6226.061528
15 100 42782.385917
16 17 10511.358213
16 18 11402.435661
16 19 2623.157461
16 20 13689.837798
16 21 20204.081856
16 22 26689.614029
16 23 18046.235909
16 24 26562.746395
16 25 3284.682678
16 26 13070.096452
16 27 15323.675006
16 28 16232.697605
16 29 4945.830540
16 30 11810.695771
16 31 3858.548049
16 32 20620.304945
16 33 2525.405384
16 34 8118.518196
16 35 27779.629855
16 36 12427.347218
16 37 20753.697329
16 38 10371.163791
16 39 10662.948001
16 40 6907.746431
16 41 12071.066659
16 42 23389.797953
16 43 32496.468569
16 44 29539.216322
16 45 14808.588728
16 46 16020.512792
16 47 28576.480478
16 48 27428.054724
16 49 13928.888979
16 50 12386.865172
16 51 11293.299959
16 52 9852.672644
16 53 18900.000778
16 54 8359.282377
16 55 8332.948102
16 56 29150.057265
16 57 6121.859173
16 58 12724.798994
16 59 13664.652167
16 60 14168.034670
16 61 13854.840488
16 62 12584.323733
16 63 13799.424019
16 64 31164.047310
16 65 22261.344019
16 66 20112.785787
16 67 10057.004792
16 68 30249.699402
16 69 8668.865085
16 70 7509.546832
16 71 4208.082523
16 72 5928.755318
16 73 4440.343221
16 74 19961.158697
16 75 12143.167495
16 76 10008.570276
16 77 12518.100250
16 78 9783.086812
16 79 21942.113067
16 80 26251.373851
16 81 19453.925277
16 82 13268.795764
16 83 21752.370629
16 84 29867.328737
16 85 8761.427267
16 86 9790.133021
16 87 16383.249333
16 88 27186.022366
16 89 12155.604730
16 90 11616.693624
16 91 27728.752733
16 92 26409.131256
16 93 26905.527610
16 94 25688.208979
16 95 18833.571701
16 96 3700.419374
16 97 29667.260050
16 98 8190.308320
16 99 20488.780551
16 100 17354.155423
17 18 18728.258710
17 19 13096.153579
17 20 17179.974193
17 21 30516.855883
17 22 21002.143992
17 23 19668.556705
17 24 32317.247471
17 25 12755.843467
17 26 6465.965128
17 27 25180.492378
17 28 9477.246510
17 29 15117.328810
17 30 20768.361830
17 31 6653.721827
17 32 24462.317047
17 33 12863.663851
17 34 2411.847663
17 35 27751.432851
17 36 22310.912459
17 37 23990.009363
17 38 17654.328719
17 39 16010.131671
17 40 8265.432917
17 41 10888.173220
17 42 20668.091342
17 43 30805.051051
17 44 24827.838314
17 45 24394.491461
17 46 20810.625897
17 47 34186.599590
17 48 34495.909231
17 49 24153.369397
17 50 22153.843264
17 51 17926.313945
17 52 19387.185507
17 53 17580.548830
17 54 10451.059238
17 55 13055.193333
17 56 36086.798865
17 57 11588.292715
17 58 15365.596671
17 59 3799.756292
17 60 8404.367597
17 61 7970.735688
17 62 2174.040638
17 63 17893.633824
17 64 27730.618261
17 65 29027.342231
17 66 13885.864549
17 67 14889.290551
17 68 34001.051237
17 69 12245.196024
17 70 14728.556249
17 71 13724.642364
17 72 7464.508195
17 73 7630.608251
17 74 24497.596427
17 75 8470.596545
17 76 18116.720240
17 77 20750.121501
17 78 15020.733471
17 79 12044.191791
17 80 28320.449265
17 81 8950.264144
17 82 16251.057382
17 83 32258.673803
17 84 32196.185094
17 85 19039.860138
17 86 20133.830993
17 87 19863.180268
17 88 34314.224581
17 89 20189.095885
17 90 16951.581581
17 91 26466.470754
17 92 31755.675962
17 93 33280.650636
17 94 31038.007980
17 95 25971.123588
17 96 7251.172667
17 97 29557.974223
17 98 7845.010521
17 99 30948.281437
17 100 7243.408891
18 19 9989.270513
18 20 6449.163300
18 21 15335.904514
18 22 25232.765009
18 23 10860.085122
18 24 15192.316885
18 25 8180.665764
18 26 17047.500560
18 27 18930.123139
18 28 18795.771591
18 29 8009.105218
18 30 3958.792738
18 31 13664.469683
18 32 10523.992291
18 33 9569.494317
18 34 16923.504958
18 35 20138.031754
18 36 7359.898104
18 37 11164.709697
18 38 1095.689076
18 39 3739.874740
18 40 10616.627344
18 41 11791.563620
18 42 19329.056197
18 43 25899.409569
18 44 26508.471630
18 45 7749.676347
18 46 5969.877933
18 47 17212.814086
18 48 16178.332636
18 49 16458.740852
18 50 17128.951573
18 51 1357.163863
18 52 16106.838601
18 53 14678.481220
18 54 8977.765014
18 55 5974.335415
18 56 17869.343984
18 57 7144.959293
18 58 7399.764802
18 59 20225.053300
18 60 24898.052731
18 61 16753.598632
18 62 20848.559539
18 63 5657.282786
18 64 26507.818160
18 65 10890.428984
18 66 20773.421016
18 67 4766.197097
18 68 19504.429799
18 69 19877.540305
18 70 4149.167029
18 71 13422.890696
18 72 11264.526642
18 73 15585.094705
18 74 9402.840521
18 75 14217.483838
18 76 1857.091871
18 77 2546.492965
18 78 4337.196798
18 79 26912.111367
18 80 16922.023193
18 81 26882.302207
18 82 7032.523249
18 83 19794.898344
18 84 20029.037720
18 85 13186.943869
18 86 8723.611527
18 87 7694.279363
18 88 15956.505509
18 89 1878.608384
18 90 3507.546892
18 91 21301.132980
18 92 15124.049094
18 93 15509.885572
18 94 14414.689677
18 95 7520.986346
18 96 12253.031925
18 97 21872.551005
18 98 11508.125870
18 99 16909.853861
18 100 23426.645479
19 20 13465.103938
19 21 17584.473397
19 22 28164.286257
19 23 18076.939702
19 24 25146.255281
19 25 2212.981930
19 26 15165.663057
19 27 13331.503340
19 28 18194.415868
19 29 2502.789406
19 30 9689.977813
19 31 6458.074307
19 32 19908.697690
19 33 580.015387
19 34 10716.760403
19 35 27907.755449
19 36 9932.237457
19 37 20212.587193
19 38 9064.180728
19 39 10108.301980
19 40 8438.481854
19 41 13273.960921
19 42 24285.745741
19 43 32946.488016
19 44 30748.756335
19 45 12387.289071
19 46 15222.012620
19 47 27169.786452
19 48 25622.012879
19 49 11696.365871
19 50 10526.087441
19 51 10171.269085
19 52 8273.602729
19 53 19638.379048
19 54 9303.901912
19 55 8387.045414
19 56 27361.943534
19 57 6452.609859
19 58 12849.880517
19 59 16139.429975
19 60 16579.847838
19 61 15794.462235
19 62 15187.906790
19 63 13373.385827
19 64 32052.605333
19 65 20623.640337
19 66 21848.328889
19 67 9774.345543
19 68 29332.699305
19 69 9962.730829
19 70 6626.226876
19 71 3595.137323
19 72 7743.752624
19 73 6859.535431
19 74 19066.920756
19 75 13844.395604
19 76 8364.805940
19 77 10666.110036
19 78 9386.912851
19 79 24339.204419
19 80 25869.521167
19 81 22045.524110
19 82 13238.133089
19 83 19206.992774
19 84 29340.127747
19 85 6587.202899
19 86 7174.784748
19 87 15972.806518
19 88 25365.552285
19 89 10402.307570
19 90 10960.872726
19 91 28164.982876
19 92 25112.413174
19 93 25305.123612
19 94 24403.850032
19 95 17156.769272
19 96 6055.863147
19 97 29776.003883
19 98 9815.862711
19 99 17872.804644
19 100 19824.625521
20 21 21664.215072
20 22 18959.450197
20 23 4751.568053
20 24 15236.815342
20 25 11259.421972
20 26 13412.098065
20 27 24735.060742
20 28 14188.117362
20 29 12410.916690
20 30 10406.091205
20 31 14251.950935
20 32 7401.181448
20 33 12906.797415
20 34 16077.016011
20 35 14535.972263
20 36 13800.522292
20 37 7218.803922
20 38 6301.084293
20 39 3548.358194
20 40 9245.108255
20 41 7332.442866
20 42 12880.278397
20 43 19933.484115
20 44 20066.715545
20 45 14067.136806
20 46 3841.897026
20 47 17050.558650
20 48 18039.857298
20 49 22386.566724
20 50 22586.455947
20 51 5144.180347
20 52 21067.118624
20 53 8259.563515
20 54 6865.294240
20 55 5378.061987
20 56 19472.846098
20 57 7619.776283
20 58 1928.544480
20 59 17455.503958
20 60 24775.565719
20 61 12626.313545
20 62 19029.201556
20 63 1050.382280
20 64 20123.491680
20 65 12649.682678
20 66 15209.848636
20 67 3694.180403
20 68 17132.625061
20 69 22245.454018
20 70 7030.864988
20 71 17038.970303
20 72 10442.285557
20 73 16841.630520
20 74 7317.790750
20 75 10252.198138
20 76 7860.226975
20 77 8801.361827
20 78 4088.263307
20 79 22679.872846
20 80 12564.317280
20 81 23970.868354
20 82 1045.598991
20 83 26244.061261
20 84 16228.838255
20 85 18442.191094
20 86 14748.091626
20 87 2816.493451
20 88 17914.914420
20 89 8184.312448
20 90 3091.027227
20 91 15216.270309
20 92 14597.919816
20 93 16422.970239
20 94 13886.466917
20 95 10345.345441
20 96 12673.146549
20 97 16378.967206
20 98 9347.079007
20 99 23326.747030
20 100 20021.642702
21 22 40564.760409
21 23 25576.512596
21 24 21325.092038
21 25 17787.885736
21 26 31059.998473
21 27 13004.174855
21 28 33406.564936
21 29 15402.845971
21 30 11474.684609
21 31 23982.585948
21 32 22813.061549
21 33 17722.231714
21 34 28198.522267
21 35 33576.940593
21 36 8590.348484
21 37 24005.007261
21 38 15844.435117
21 39 18989.415197
21 40 23909.623551
21 41 26712.648552
21 42 34454.459023
21 43 39682.676363
21 44 41670.590969
21 45 7600.592055
21 46 19772.149863
21 47 22859.070629
21 48 18243.337635
21 49 11058.225549
21 50 14015.165770
21 51 16692.893734
21 52 15690.237972
21 53 29920.428223
21 54 23184.786746
21 55 20383.417540
21 56 19675.403349
21 57 20317.096006
21 58 22735.274842
21 59 33162.888740
21 60 33738.979096
21 61 31147.347096
21 62 32658.830913
21 63 20747.898205
21 64 41235.354016
21 65 16665.887725
21 66 35906.389308
21 67 19852.798204
21 68 28201.441525
21 69 25131.694993
21 70 17400.666208
21 71 18525.246106
21 72 23913.025870
21 73 24278.679221
21 74 21197.711421
21 75 28697.651522
21 76 14463.944340
21 77 12870.998933
21 78 19343.004141
21 79 40887.800762
21 80 28996.776996
21 81 39431.481927
21 82 22343.358377
21 83 6004.585230
21 84 30828.542649
21 85 13549.678295
21 86 10416.863198
21 87 22142.552302
21 88 17925.385443
21 89 13506.465078
21 90 18842.081403
21 91 35465.038724
21 92 22246.375976
21 93 19896.170734
21 94 21850.748300
21 95 14786.698186
21 96 23274.435041
21 97 35028.388399
21 98 25175.868111
21 99 2409.191520
21 100 36753.528012
22 23 15900.604135
22 24 29394.543651
22 25 26304.047977
22 26 14792.692705
22 27 41373.296774
22 28 11546.384649
22 29 28533.255974
22 30 29145.994212
22 31 24284.295630
22 32 21158.369824
22 33 27621.476661
22 34 22225.151464
22 35 14963.037644
22 36 32381.283457
22 37 19822.665859
22 38 24803.503507
22 39 21649.771912
22 40 19812.242945
22 41 14951.082016
22 42 7282.497257
22 43 13690.003539
22 44 4340.789764
22 45 32967.300085
22 46 21639.871615
22 47 30377.692621
22 48 33856.741291
22 49 39423.896593
22 50 38672.558483
22 51 23877.076885
22 52 36398.210249
22 53 10845.034321
22 54 18981.241249
22 55 20972.984862
22 56 34737.760246
22 57 22091.796306
22 58 17841.883942
22 59 17786.967475
22 60 28709.121526
22 61 13473.750907
22 62 21034.723554
22 63 19934.638941
22 64 8485.799589
22 65 29411.462271
22 66 7123.345917
22 67 20925.089709
22 68 26356.778963
22 69 32532.963093
22 70 24011.622507
22 71 30897.696415
22 72 20773.518278
22 73 26801.448357
22 74 22496.262748
22 75 14599.611404
22 76 26283.942328
22 77 27700.997681
22 78 21461.262236
22 79 14456.854565
22 80 19459.810542
22 81 20106.777306
22 82 18226.447275
22 83 44799.989434
22 84 22281.950851
22 85 34601.460391
22 86 32473.395715
22 87 19170.425736
22 88 33863.764110
22 89 27059.719857
22 90 21725.229387
22 91 11821.252219
22 92 28154.699028
22 93 31409.422873
22 94 27694.840439
22 95 28340.646123
22 96 23361.178874
22 97 15824.258116
22 98 18499.765754
22 99 42106.310876
22 100 16554.852232
23 24 14652.835800
23 25 15863.958903
23 26 14622.689082
23 27 29462.411765
23 28 14287.056926
23 29 17142.947796
23 30 14728.056695
23 31 18023.521947
23 32 5890.264529
23 33 17508.304120
23 34 19053.105353
23 35 9834.223428
23 36 18176.393441
23 37 4862.072953
23 38 10905.591345
23 39 8299.922869
23 40 12616.392551
23 41 8817.907874
23 42 9048.812478
23 43 15190.802873
23 44 16224.336471
23 45 18080.101013
23 46 5900.257308
23 47 16121.390772
23 48 18512.854683
23 49 27090.066494
23 50 27337.245248
23 51 9662.230391
23 52 25803.576041
23 53 5230.648085
23 54 10302.020883
23 55 9758.032631
23 56 19650.531918
23 57 11927.011381
23 58 5322.167468
23 59 19056.010212
23 60 27778.133446
23 61 13442.960317
23 62 21230.769546
23 63 5258.228251
23 64 15718.707520
23 65 13659.921076
23 66 13863.872398
23 67 8340.137539
23 68 14503.813708
23 69 26402.111677
23 70 11762.176731
23 71 21614.693295
23 72 13922.412967
23 73 20748.573885
23 74 6869.936674
23 75 11588.246802
23 76 12450.358411
23 77 12947.013453
23 78 8784.819312
23 79 22643.923350
23 80 8712.591455
23 81 25119.125137
23 82 4839.049527
23 83 30498.914604
23 84 12571.763326
23 85 23193.644569
23 86 19409.792859
23 87 3446.199046
23 88 18467.851269
23 89 12400.454704
23 90 7772.888298
23 91 10498.025050
23 92 13657.592157
23 93 16353.734121
23 94 13039.261964
23 95 12448.320145
23 96 16480.774062
23 97 11699.096307
23 98 12259.609338
23 99 27412.748942
23 100 20925.695791
24 25 23370.107119
24 26 28519.086122
24 27 31167.276548
24 28 28757.073001
24 29 22996.809135
24 30 16326.977606
24 31 28416.703125
24 32 8762.870499
24 33 24748.493623
24 34 30993.980404
24 35 16471.321336
24 36 18606.334981
24 37 9888.748056
24 38 16195.927654
24 39 16566.744464
24 40 24148.468099
24 41 22402.474089
24 42 22112.348541
24 43 22202.584707
24 44 28304.044431
24 45 16586.379137
24 46 11508.201357
24 47 2023.844013
24 48 4984.768280
24 49 28588.482500
24 50 30321.426705
24 51 15307.927316
24 52 30119.670922
24 53 19661.759229
24 54 21872.176179
24 55 19530.052525
24 56 5408.998011
24 57 21495.917858
24 58 17140.897964
24 59 32676.570414
24 60 39494.939810
24 61 27571.602812
24 62 34228.782018
24 63 14441.463878
24 64 25927.165750
24 65 5046.921049
24 66 28488.376531
24 67 17587.048875
24 68 7100.922999
24 69 35067.774830
24 70 19104.041167
24 71 28472.305994
24 72 25191.356114
24 73 30606.282103
24 74 8073.427585
24 75 25351.046713
24 76 16788.331576
24 77 14754.186484
24 78 17579.527807
24 79 37216.569639
24 80 10932.529035
24 81 39127.497232
24 82 16236.982517
24 83 27320.005875
24 84 10797.127278
24 85 27052.789752
24 86 21793.231171
24 87 12820.356923
24 88 5130.816205
24 89 14860.019509
24 90 15568.486079
24 91 19490.122344
24 92 1379.682173
24 93 2240.586940
24 94 1699.857361
24 95 8303.370884
24 96 26891.014236
24 97 17140.367739
24 98 24477.818391
24 99 23717.588602
24 100 35078.324853
25 26 13887.441628
25 27 15072.034553
25 28 16743.289353
25 29 2525.242253
25 30 8595.475679
25 31 6421.494991
25 32 17804.476619
25 33 1647.687940
25 34 10491.880332
25 35 25694.907994
25 36 9589.135028
25 37 18064.902176
25 38 7181.374108
25 39 7937.451544
25 40 6844.564159
25 41 11358.444409
25 42 22191.891227
25 43 30752.449061
25 44 28754.187706
25 45 11816.101761
25 46 13134.631690
25 47 25389.025669
25 48 24146.381911
25 49 13222.292755
25 50 12395.207093
25 51 8193.242581
25 52 10319.447703
25 53 17512.103965
25 54 7337.282495
25 55 6186.923133
25 56 25870.259436
25 57 4340.564502
25 58 10642.505573
25 59 15423.312165
25 60 17335.749610
25 61 14349.008124
25 62 14914.583058
25 63 11191.046937
25 64 29944.945530
25 65 19001.514299
25 66 20181.123399
25 67 7566.582180
25 68 27308.784478
25 69 11717.785705
25 70 4513.159862
25 71 5781.628092
25 72 6420.565643
25 73 7672.066084
25 74 17021.804589
25 75 12226.978541
25 76 6730.170855
25 77 9234.950798
25 78 7188.322049
25 79 23397.628540
25 80 23696.208639
25 81 21646.135521
25 82 11025.157514
25 83 20064.623188
25 84 27197.977299
25 85 8297.442415
25 86 7497.976702
25 87 13793.310761
25 88 23903.311400
25 89 8871.763449
25 90 8816.629397
25 91 25971.608599
25 92 23264.029820
25 93 23657.133582
25 94 22547.767767
25 95 15563.769191
25 96 5505.040966
25 97 27563.022018
25 98 8235.435071
25 99 18365.526925
25 100 19061.101589
26 27 28383.916949
26 28 3343.935826
26 29 16404.544052
26 30 20087.727450
26 31 9933.005538
26 32 20065.182825
26 33 14726.714598
26 34 7433.279521
26 35 21721.102207
26 36 22482.056375
26 37 19330.818560
26 38 16120.540960
26 39 13570.696803
26 40 7184.207679
26 41 6117.993857
26 42 14264.201791
26 43 24421.344788
26 44 18454.745106
26 45 24050.344105
26 46 17253.394526
26 47 30234.738158
26 48 31438.835463
26 49 26860.995967
26 50 25456.958930
26 51 15912.304882
26 52 22888.717617
26 53 11580.740240
26 54 8103.886137
26 55 11107.777836
26 56 32884.855821
26 57 10746.911480
26 58 11484.082345
26 59 4496.430590
26 60 14758.130634
26 61 1519.604226
26 62 7217.841387
26 63 14343.633433
26 64 21266.556269
26 65 26012.911550
26 66 7699.320216
26 67 12416.792150
26 68 29121.706943
26 69 17781.966997
26 70 13792.100040
26 71 17125.150446
26 72 7478.039653
26 73 12196.332910
26 74 20457.354738
26 75 3169.881935
26 76 17090.023442
26 77 19464.871916
26 78 12759.983036
26 79 9911.502196
26 80 22940.821059
26 81 10612.746487
26 82 12373.967589
26 83 33908.748372
26 84 26790.195068
26 85 21727.090766
26 86 21224.374705
26 87 15701.087473
26 88 31305.554697
26 89 18817.539383
26 90 14303.672975
26 91 20191.949048
26 92 27750.175895
26 93 29816.657136
26 94 27064.982951
26 95 23400.419615
26 96 9401.141191
26 97 23470.712761
26 98 5884.391575
26 99 31968.516141
26 100 6613.128569
27 28 31492.373032
27 29 12894.711613
27 30 15715.001132
27 31 18835.540064
27 32 29245.341793
27 33 13837.551790
27 34 22803.914734
27 35 39030.669076
27 36 12710.682440
27 37 30030.167779
27 38 18635.993288
27 39 21211.023119
27 40 21764.841254
27 41 26423.163615
27 42 36928.728866
27 43 44650.691999
27 44 43708.282356
27 45 14584.317227
27 46 24875.305095
27 47 33033.348500
27 48 29435.705461
27 49 2590.210043
27 50 3028.818948
27 51 19928.866960
27 52 5825.232373
27 53 32167.594824
27 54 22394.510733
27 55 20729.475060
27 56 31084.312825
27 57 19309.977676
27 58 24808.862920
27 59 28701.173323
27 60 25227.715810
27 61 29097.132041
27 62 26992.251215
27 63 24231.130776
27 64 44572.665474
27 65 26121.035895
27 66 35175.667282
27 67 21431.537845
27 68 37169.257987
27 69 15527.272618
27 70 17960.611590
27 71 11488.394211
27 72 21053.470971
27 73 17611.668276
27 74 27907.706276
27 75 27174.479124
27 76 17151.205353
27 77 17645.892383
27 78 20915.931253
27 79 37069.280429
27 80 35741.758511
27 81 33773.395784
27 82 24898.240228
27 83 9984.717025
27 84 38569.568464
27 85 6778.672704
27 86 10219.608358
27 87 26554.869097
27 88 29120.090984
27 89 17928.599867
27 90 21690.701806
27 91 39950.660183
27 92 31700.091878
27 93 30361.676129
27 94 31121.028100
27 95 23091.935519
27 96 19019.133248
27 97 40789.131862
27 98 23145.940020
27 99 11397.418860
27 100 32351.979930
28 29 19224.108421
28 30 22162.531606
28 31 13239.692917
28 32 20064.557357
28 33 17723.654109
28 34 10715.428970
28 35 20025.643640
28 36 24820.831047
28 37 19142.549300
28 38 17974.855109
28 39 15127.177621
28 40 9904.441379
28 41 7064.537104
28 42 11952.200152
28 43 22045.622333
28 44 15362.809045
28 45 26166.804934
28 46 17959.438824
28 47 30340.160209
28 48 32102.338391
28 49 29874.488951
28 50 28600.500092
28 51 17552.807843
28 52 26081.500862
28 53 10258.225766
28 54 10222.059891
28 55 13082.999580
28 56 33441.055631
28 57 13189.650804
28 58 12333.228270
28 59 6580.418518
28 60 17463.820945
28 61 2400.945527
28 62 9751.216214
28 63 15205.150262
28 64 18447.321870
28 65 26794.517329
28 66 4423.248124
28 67 14035.718616
28 68 28534.727216
28 69 21108.321415
28 70 16007.109943
28 71 20347.902213
28 72 10450.669091
28 73 15539.537939
28 74 20711.865772
28 75 4709.932776
28 76 19121.504508
28 77 21304.741448
28 78 14460.864411
28 79 8514.318267
28 80 21997.002239
28 81 11192.733737
28 82 13150.835905
28 83 36593.443270
28 84 25753.521328
28 85 24780.590444
28 86 23885.258298
28 87 16057.217109
28 88 31999.792741
28 89 20640.229529
28 90 15704.646043
28 91 18108.899395
28 92 27858.213691
28 93 30253.169749
28 94 27208.151685
28 95 24494.742425
28 96 12613.933686
28 97 21665.791970
28 98 8520.240340
28 99 34469.822071
28 100 6935.779336
29 30 7237.468301
29 31 8601.464356
29 32 18307.097238
29 33 2423.948681
29 34 12796.779468
29 35 26946.376792
29 36 7483.123796
29 37 18747.387562
29 38 7211.061436
29 39 8891.720637
29 40 9319.880165
29 41 13592.398040
29 42 24084.261189
29 43 32246.499376
29 44 30814.417615
29 45 9899.574016
29 46 13618.929319
29 47 25019.510934
29 48 23256.130749
29 49 10893.710317
29 50 10393.594364
29 51 8433.824389
29 52 8661.288195
29 53 19343.082478
29 54 9566.599921
29 55 7877.306804
29 56 25001.531242
29 57 6441.460809
29 58 12141.515425
29 59 17904.176585
29 60 19054.814134
29 61 16835.598938
29 62 17256.101371
29 63 12139.807364
29 64 31781.210431
29 65 18359.201612
29 66 22567.550258
29 67 8834.243853
29 68 27506.553933
29 69 12303.217338
29 70 5381.399955
29 71 5475.817229
29 72 8944.050086
29 73 9319.222735
29 74 17329.260772
29 75 14661.595664
29 76 6250.463392
29 77 8347.063085
29 78 8364.384067
29 79 25917.644540
29 80 24482.971696
29 81 24046.506767
29 82 12370.225780
29 83 17539.725729
29 84 27812.731187
29 85 6213.845525
29 86 5027.396619
29 87 14686.735176
29 88 22993.437489
29 89 8151.928680
29 90 9608.653185
29 91 27483.696661
29 92 23040.022630
29 93 23045.997183
29 94 22342.804780
29 95 14886.693553
29 96 7889.387513
29 97 28784.216738
29 98 10704.883135
29 99 15888.109095
29 100 21555.467399
30 31 14900.199264
30 32 13565.201804
30 33 9465.327103
30 34 18699.586791
30 35 23733.212426
30 36 3452.017830
30 37 14430.077000
30 38 4370.018444
30 39 7519.979318
30 40 13169.587864
30 41 15314.650175
30 42 23286.363661
30 43 29614.574351
30 44 30467.251760
30 45 4006.764020
30 46 9410.239920
30 47 18321.650737
30 48 16089.919017
30 49 13159.043608
30 50 14312.887323
30 51 5293.986180
30 52 13824.674171
30 53 18635.513494
30 54 12017.589548
30 55 9080.964864
30 56 17840.145367
30 57 9485.675656
30 58 11304.685378
30 59 22790.822938
30 60 25931.224000
30 61 19991.087766
30 62 22938.491444
30 63 9588.721528
30 64 30421.188358
30 65 11446.470323
30 66 24459.709964
30 67 8384.309975
30 68 21673.271940
30 69 19521.652181
30 70 6316.522337
30 71 12553.749212
30 72 13497.904788
30 73 16244.899431
30 74 12195.427964
30 75 17484.537018
30 76 3043.213693
30 77 1944.185617
30 78 7881.460682
30 79 29998.504949
30 80 20076.849256
30 81 29353.062401
30 82 10981.072313
30 83 15839.943708
30 84 22856.351654
30 85 10765.394009
30 86 5638.540864
30 87 11445.308296
30 88 15818.226270
30 89 2354.018782
30 90 7442.263165
30 91 25087.423144
30 92 16584.614632
30 93 16095.886642
30 94 15934.175449
30 95 8030.279901
30 96 13733.355081
30 97 25405.477415
30 98 14288.063879
30 99 12967.013835
30 100 26198.606650
31 32 21583.052738
31 33 6264.342010
31 34 4260.844326
31 35 27369.829318
31 36 15985.675603
31 37 21469.989779
31 38 12572.300539
31 39 11907.581296
31 40 5507.980487
31 41 10556.137716
31 42 21912.663353
31 43 31546.314677
31 44 27496.743510
31 45 18237.117846
31 46 17258.116236
31 47 30392.050489
31 48 29837.653369
31 49 17626.501778
31 50 15836.003550
31 51 13206.860633
31 52 13151.718107
31 53 17781.784551
31 54 7724.965314
31 55 9052.861239
31 56 31517.957561
31 57 6939.595316
31 58 12851.672492
31 59 9906.893766
31 60 11234.055627
31 61 10964.252723
31 62 8730.154782
31 63 14636.341573
31 64 29579.915208
31 65 24491.486526
31 66 17403.899508
31 67 11002.924362
31 68 31333.611496
31 69 8706.475298
31 70 9518.477593
31 71 7366.714282
31 72 4193.238705
31 73 2794.513110
31 74 21199.245779
31 75 9752.691447
31 76 12621.961194
31 77 15259.903638
31 78 10909.927216
31 79 18249.712102
31 80 26616.091774
31 81 15595.557623
31 82 13582.106769
31 83 25605.950771
31 84 30387.869758
31 85 12474.724708
31 86 13569.065776
31 87 17065.349805
31 88 29619.043123
31 89 14791.214933
31 90 12913.137001
31 91 26863.234212
31 92 28092.768750
31 93 29020.928076
31 94 27364.311248
31 95 21178.931671
31 96 1579.389133
31 97 29257.404403
31 98 6339.750277
31 99 24329.468319
31 100 13587.803610
32 33 19399.246125
32 34 23459.738569
32 35 10778.539650
32 36 16839.794763
32 37 1381.032917
32 38 11134.552602
32 39 9957.376541
32 40 16644.362025
32 41 14005.496498
32 42 13945.464352
32 43 16909.523085
32 44 20710.608422
32 45 15906.875865
32 46 4695.343355
32 47 10275.955226
32 48 12767.586997
32 49 26708.496913
32 50 27611.094644
32 51 9877.192245
32 52 26624.616977
32 53 10968.516609
32 54 14260.193811
32 55 12561.343716
32 56 13814.954578
32 57 14770.176063
32 58 9108.822664
32 59 24370.542108
32 60 32172.205857
32 61 19015.064766
32 62 26225.378387
32 63 6948.873240
32 64 19174.111997
32 65 8353.627022
32 66 19740.444597
32 67 10656.316787
32 68 9751.278357
32 69 29280.939729
32 70 13294.815093
32 71 23488.505887
32 72 17842.009162
32 73 24098.066100
32 74 1637.017337
32 75 16926.358500
32 76 12380.461337
32 77 11621.792327
32 78 10861.019609
32 79 28487.040669
32 80 6513.248662
32 81 30664.169060
32 82 8242.085595
32 83 28322.819934
32 84 9518.256903
32 85 23709.735314
32 86 19048.890896
32 87 4616.402406
32 88 12750.771218
32 89 11316.872898
32 90 9013.529369
32 91 12959.209583
32 92 7796.661918
32 93 10497.799342
32 94 7160.590876
32 95 8253.877048
32 96 20004.551448
32 97 12222.762719
32 98 16681.309122
32 99 24934.392604
32 100 26537.488244
33 34 10504.747250
33 35 27337.704655
33 36 9907.043119
33 37 19685.436001
33 38 8620.754629
33 39 9569.214130
33 40 7927.532015
33 41 12718.699008
33 42 23710.020853
33 43 32367.829272
33 44 30185.386005
33 45 12311.545344
33 46 14717.881943
33 47 26771.178771
33 48 25314.568577
33 49 12152.094324
33 50 11057.165028
33 51 9700.795800
33 52 8837.410406
33 53 19059.848634
33 54 8739.363857
33 55 7810.249179
33 56 27050.542738
33 57 5873.476461
33 58 12274.949931
33 59 15824.336737
33 60 16643.302116
33 61 15322.795546
33 62 14976.570493
33 63 12829.366114
33 64 31475.829197
33 65 20270.550988
33 66 21338.131072
33 67 9214.201502
33 68 28854.230754
33 69 10327.013879
33 70 6106.867813
33 71 4137.279331
33 72 7277.854297
33 73 6904.401933
33 74 18579.159308
33 75 13338.467068
33 76 7989.278002
33 77 10354.111013
33 78 8833.396409
33 79 23980.878370
33 80 25330.848866
33 81 21812.579085
33 82 12669.270020
33 83 19511.394429
33 84 28815.996727
33 85 7075.361808
33 86 7306.221220
33 87 15430.487124
33 88 25061.886789
33 89 10062.166126
33 90 10433.414924
33 91 27586.271998
33 92 24691.913810
33 93 24946.567033
33 94 23980.695456
33 95 16809.662364
33 96 5734.300927
33 97 29207.088329
33 98 9310.601660
33 99 18084.651335
33 100 19503.259396
34 35 27669.444208
34 36 20077.070660
34 37 23110.699580
34 38 15834.124824
34 39 14492.118913
34 40 6864.408027
34 41 10523.840344
34 42 21121.327784
34 43 31150.421466
34 44 25847.987001
34 45 22228.865608
34 46 19539.969642
34 47 32908.018908
34 48 32905.450091
34 49 21747.426880
34 50 19779.936074
34 51 16229.228231
34 52 17025.059025
34 53 17603.284066
34 54 9215.758779
34 55 11508.381405
34 56 34532.874410
34 57 9801.138958
34 58 14370.075118
34 59 5968.828831
34 60 8745.676978
34 61 8811.858890
34 62 4472.531841
34 63 16688.979019
34 64 28465.177823
34 65 27463.935945
34 66 15120.682162
34 67 13422.141654
34 68 33127.730867
34 69 10439.907264
34 70 12834.359841
34 71 11332.570034
34 72 5816.169473
34 73 5344.303870
34 74 23347.465993
34 75 8605.090558
34 76 16162.812589
34 77 18813.354365
34 78 13482.830159
34 79 14327.867301
34 80 27764.340560
34 81 11335.725660
34 82 15220.488063
34 83 29856.204923
34 84 31624.204600
34 85 16629.395308
34 86 17796.767763
34 87 18843.872605
34 88 32709.851243
34 89 18281.110782
34 90 15469.187753
34 91 26659.160177
34 92 30515.578752
34 93 31831.261142
34 94 29791.110366
34 95 24303.861178
34 96 5009.874421
34 97 29516.877671
34 98 6829.367505
34 99 28584.020022
34 100 9561.314834
35 36 27146.483678
35 37 9575.733608
35 38 20396.839296
35 39 18063.515980
35 40 21863.534329
35 41 17165.672847
35 42 8674.921231
35 43 6142.109870
35 44 12583.865135
35 45 26515.536356
35 46 14323.232313
35 47 16859.361191
35 48 21410.756977
35 49 36588.116730
35 50 37037.094287
35 51 19101.894319
35 52 35599.031353
35 53 10178.894942
35 54 19716.077377
35 55 19560.956935
35 56 21818.297247
35 57 21687.173286
35 58 15092.816858
35 59 26148.599917
35 60 36136.891196
35 61 20258.134577
35 62 28900.024812
35 63 14870.249029
35 64 9544.968892
35 65 18434.175416
35 66 17397.373156
35 67 18171.270929
35 68 11774.835991
35 69 35948.434453
35 70 21566.836597
35 71 31434.605152
35 72 23181.907630
35 73 30151.120312
35 74 12409.326277
35 75 19281.307337
35 76 21883.185042
35 77 21820.790338
35 78 18606.704557
35 79 27017.440414
35 80 5538.794696
35 81 31150.831524
35 82 14670.508945
35 83 39004.932171
35 84 7406.232055
35 85 32927.882350
35 86 28854.802907
35 87 12475.829963
35 88 21515.730713
35 89 21386.398494
35 90 17432.467960
35 91 3297.218042
35 92 15099.048771
35 93 18696.600773
35 94 14874.237500
35 95 18995.742004
35 96 25888.494395
35 97 1891.892771
35 98 21212.778672
35 99 35666.438501
35 100 26924.819480
36 37 17770.839370
36 38 7601.059629
36 39 10739.267297
36 40 15353.281304
36 41 18190.408161
36 42 26672.148498
36 43 33053.036032
36 44 33832.134984
36 45 2616.370654
36 46 12827.391763
36 47 20532.016027
36 48 17533.392846
36 49 10121.792421
36 50 11719.701842
36 51 8659.363543
36 52 11785.873697
36 53 21988.223752
36 54 14598.883290
36 55 11836.030880
36 56 19264.795577
36 57 11735.365145
36 58 14578.139976
36 59 24738.390601
36 60 26510.891651
36 61 22557.054072
36 62 24478.531247
36 63 13014.110134
36 64 33859.615566
36 65 13574.378957
36 66 27416.576058
36 67 11478.572916
36 68 24459.033140
36 69 19052.933685
36 70 8821.561533
36 71 11979.770004
36 72 15429.401705
36 73 16788.949199
36 74 15400.785743
36 75 20111.160927
36 76 6097.571855
36 77 5327.050164
36 78 10950.150301
36 79 32333.789465
36 80 23348.220595
36 81 31134.952800
36 82 14320.965113
36 83 12463.737111
36 84 25970.674833
36 85 8768.462131
36 86 3531.111337
36 87 14896.173271
36 88 17234.704315
36 89 5800.838951
36 90 10780.760149
36 91 28537.342828
36 92 19053.713496
36 93 18025.778346
36 94 18454.093982
36 95 10411.608750
36 96 15075.688914
36 97 28798.949477
36 98 16600.347778
36 99 9777.110655
36 100 28281.114675
37 38 11669.306308
37 39 10137.135272
37 40 16367.526595
37 41 13348.349055
37 42 12591.989141
37 43 15680.013062
37 44 19330.872093
37 45 16976.937731
37 46 5201.150322
37 47 11278.388711
37 48 14059.265687
37 49 27516.152074
37 50 28293.660717
37 51 10379.688889
37 52 27190.209953
37 53 9773.663386
37 54 13976.934977
37 55 12542.973232
37 56 15049.863777
37 57 14779.593941
37 58 8752.710469
37 59 23700.598597
37 60 31850.029516
37 61 18216.719138
37 62 25685.594010
37 63 6957.368463
37 64 17813.049112
37 65 9732.144497
37 66 18610.184123
37 67 10706.147520
37 68 10022.324358
37 69 29379.725305
37 70 13587.834637
37 71 23806.043136
37 72 17605.382935
37 73 24054.136974
37 74 2961.963420
37 75 16227.603976
37 76 13005.986769
37 77 12488.791960
37 78 10972.936715
37 79 27504.145840
37 80 5764.890393
37 81 29892.292136
37 82 7937.136355
37 83 29443.293788
37 84 9133.988186
37 85 24325.699116
37 86 19812.535833
37 87 4413.341822
37 88 14053.758089
37 89 12130.311209
37 90 9252.202789
37 91 11634.708180
37 92 8831.045536
37 93 11720.094402
37 94 8238.441136
37 95 9560.455389
37 96 19891.455432
37 97 11099.948850
37 98 16291.390182
37 99 26091.473282
37 100 25726.432125
38 39 3156.365398
38 40 9577.654726
38 41 11028.329337
38 42 19109.879498
38 43 26052.058352
38 44 26245.996907
38 45 8325.366166
38 46 6479.499533
38 47 18212.608758
38 48 17267.337818
38 49 16216.165193
38 50 16696.709001
38 51 1304.168159
38 52 15521.491988
38 53 14400.360994
38 54 8024.647808
38 55 5015.095467
38 56 18954.799567
38 57 6066.680013
38 58 6978.727341
38 59 19209.037002
38 60 23805.276621
38 61 15883.574356
38 62 19780.235238
38 63 5647.442270
38 64 26424.441554
38 65 11961.751041
38 66 20115.050717
38 67 4032.698000
38 68 20315.288114
38 69 18896.503200
38 70 3054.935056
38 71 12552.414021
38 72 10193.280097
38 73 14516.794247
38 74 10118.487505
38 75 13352.402314
38 76 1559.151174
38 77 3347.889005
38 78 3549.209200
38 79 26008.762548
38 80 17433.254745
38 81 25859.087984
38 82 6736.710045
38 83 20062.445689
38 84 20652.478522
38 85 12670.160189
38 86 8508.603734
38 87 7922.104041
38 88 17047.090893
38 89 2696.998980
38 90 3219.835283
38 91 21398.078541
38 92 16085.110750
38 93 16564.954364
38 94 15370.394341
38 95 8608.754144
38 96 11157.637209
38 97 22167.075036
38 98 10509.056358
38 99 17304.012577
38 100 22448.955063
39 40 7744.811663
39 41 8086.715547
39 42 16067.950992
39 43 23477.838137
39 44 23160.190107
39 45 11440.585806
39 46 5402.469152
39 47 18519.762734
39 48 18486.289934
39 49 18888.613848
39 50 19038.786903
39 51 2435.002199
39 52 17536.070831
39 53 11324.671434
39 54 5709.449542
39 55 2983.748150
39 56 20079.849437
39 57 4968.998361
39 58 3849.661271
39 59 17050.720219
39 60 22928.238202
39 61 13158.263695
39 62 18044.401193
39 63 3273.877700
39 64 23502.998311
39 65 13017.427249
39 66 17035.016713
39 67 1166.264059
39 68 19619.270560
39 69 19325.029758
39 70 3534.819226
39 71 13702.684305
39 72 8676.229883
39 73 14267.286725
39 74 9362.694588
39 75 10625.451439
39 76 4645.502302
39 77 6286.320041
39 78 1013.578997
39 79 23352.433901
39 80 15761.817091
39 81 23712.154620
39 82 3726.598783
39 83 23189.281810
39 84 19270.799235
39 85 14894.035860
39 86 11313.843559
39 87 5866.219321
39 88 18306.836086
39 89 5618.090567
39 90 1005.618729
39 91 18751.234306
39 92 16193.055815
39 93 17339.257992
39 94 15464.521467
39 95 10027.542087
39 96 10357.298072
39 97 19895.179638
39 98 8362.540859
39 99 20459.684771
39 100 20073.143893
40 41 5234.332099
40 42 16639.292663
40 43 26095.715602
40 44 22637.277425
40 45 17054.705328
40 46 12677.711890
40 47 26052.352080
40 48 26230.503129
40 49 20031.272587
40 50 18958.287862
40 51 9716.201668
40 52 16600.349525
40 53 12344.029649
40 54 2390.825207
40 55 4796.781664
40 56 27823.201990
40 57 3685.085583
40 58 7620.514944
40 59 9658.555410
40 60 15531.094913
40 61 7516.510960
40 62 10315.866573
40 63 9827.295741
40 64 24383.712442
40 65 20762.202183
40 66 13410.991071
40 67 6629.436453
40 68 26355.615687
40 69 14162.951990
40 70 6869.315069
40 71 11107.354190
40 72 1319.891026
40 73 8296.555409
40 74 16487.682811
40 75 5412.223284
40 76 10278.002518
40 77 12821.521409
40 78 6756.324474
40 79 16981.360138
40 80 21283.634158
40 81 16289.414632
40 82 8434.170841
40 83 26752.178341
40 84 25100.154997
40 85 15000.203208
40 86 14052.975636
40 87 12037.654798
40 88 26049.323647
40 89 12214.858636
40 90 8691.224828
40 91 21388.551886
40 92 23653.597552
40 93 25042.494375
40 94 22929.708311
40 95 17722.664121
40 96 4072.757865
40 97 23750.474392
40 98 1392.066294
40 99 24785.258409
40 100 13030.070480
41 42 11409.792518
41 43 21010.308360
41 44 17502.723036
41 45 19316.442882
41 46 11171.323927
41 47 24128.508013
41 48 25372.009163
41 49 24486.108273
41 50 23744.291609
41 51 10520.077885
41 52 21543.117442
41 53 7256.438179
41 54 4030.441130
41 55 6362.154783
41 56 26794.294359
41 57 7155.941296
41 58 5414.629750
41 59 10366.202315
41 60 19130.750150
41 61 5302.277116
41 62 12413.082424
41 63 8299.102756
41 64 19149.382054
41 65 19975.463440
41 66 9239.948068
41 67 7026.664743
41 68 23272.441029
41 69 19262.499388
41 70 9424.778167
41 71 16231.611877
41 72 6448.392264
41 73 13339.238896
41 74 14345.276383
41 75 2948.694528
41 76 12278.056473
41 77 14322.682841
41 78 7482.325185
41 79 15442.592723
41 80 17433.556857
41 81 16725.429113
41 82 6288.126908
41 83 30334.501629
41 84 21309.557824
41 85 19654.203474
41 86 17748.052001
41 87 9587.741435
41 88 25247.268721
41 89 13654.682902
41 90 8640.415102
41 91 16367.692808
41 92 21646.094288
41 93 23706.048796
41 94 20957.075178
41 95 17508.490934
41 96 9244.607281
41 97 19025.353784
41 98 4216.831297
41 99 27948.946282
41 100 12707.121318
42 43 10159.777048
42 44 7217.639363
42 45 26885.158032
42 46 14940.856500
42 47 23116.746813
42 48 26592.379349
42 49 34747.191437
42 50 34472.533554
42 51 18013.245671
42 52 32511.314971
42 53 4772.604121
42 54 15063.142769
42 55 16209.926052
42 56 27456.825871
42 57 17853.212986
42 58 12253.258532
42 59 18424.607356
42 60 29019.710728
42 61 12744.715035
42 62 21439.927831
42 63 13732.298146
42 64 7778.847447
42 65 22258.390582
42 66 8798.691269
42 67 15606.544098
42 68 19358.219902
42 69 30599.539939
42 70 19008.517447
42 71 27477.479830
42 72 17855.324055
42 73 24669.690421
42 74 15342.972389
42 75 12533.457079
42 76 20658.681379
42 77 21646.358998
42 78 16141.618465
42 79 18379.113088
42 80 12404.813406
42 81 22806.319451
42 82 12375.791460
42 83 39123.529562
42 84 15561.026472
42 85 30297.228022
42 86 27339.831662
42 87 12467.739060
42 88 26605.292959
42 89 21046.194105
42 90 15899.261833
42 91 6229.406424
42 92 20876.314644
42 93 24129.737033
42 94 20412.717374
42 95 21432.290548
42 96 20647.937525
42 97 10049.320630
42 98 15591.707066
42 99 36185.659656
42 100 18657.157709
43 44 9938.243910
43 45 32545.095139
43 46 20240.608449
43 47 22329.653829
43 48 27184.346058
43 49 42263.790678
43 50 42514.008985
43 51 24780.706911
43 52 40897.828154
43 53 13764.585549
43 54 24185.443784
43 55 24565.905777
43 56 27429.122349
43 57 26551.926466
43 58 20136.640028
43 59 28565.743389
43 60 39172.378540
43 61 22902.212988
43 62 31598.957261
43 63 20423.546742
43 64 5672.179811
43 65 24515.676260
43 66 18463.728735
43 67 23412.909682
43 68 16601.471297
43 69 40246.336823
43 70 26886.702841
43 71 36373.370203
43 72 27380.755990
43 73 34337.455473
43 74 18543.262062
43 75 22546.600438
43 76 27577.592748
43 77 27730.103313
43 78 23891.828317
43 79 27611.029629
43 80 11411.856862
43 81 32604.710222
43 82 19878.332752
43 83 45052.078161
43 84 12008.462910
43 85 38357.750146
43 86 34558.511230
43 87 18207.638620
43 88 27314.683602
43 89 27260.627127
43 90 22960.099718
43 91 4781.700040
43 92 20823.098011
43 93 24443.087641
43 94 20682.757984
43 95 25136.818933
43 96 30167.793803
43 97 5066.118322
43 98 25219.844395
43 99 41747.241807
43 100 28569.805505
44 45 34097.007276
44 46 22124.566446
44 47 29026.098620
44 48 33026.937491
44 49 41614.574583
44 50 41138.234422
44 51 25181.523052
44 52 39022.192162
44 53 11845.680866
44 54 21446.093040
44 55 23010.941424
44 56 33711.731173
44 57 24435.511384
44 58 19315.897625
44 59 21801.730265
44 60 32747.487036
44 61 17036.630280
44 62 25037.479534
44 63 20938.355538
44 64 4374.883065
44 65 29062.620351
44 66 11021.674617
44 67 22613.987633
44 68 24341.521051
44 69 35970.085701
44 70 25930.448352
44 71 33722.360295
44 72 23722.633078
44 73 30127.623368
44 74 22209.432479
44 75 17747.558719
44 76 27784.373241
44 77 28851.108648
44 78 23153.853570
44 79 18793.508116
44 80 17719.749298
44 81 24428.971304
44 82 19512.315487
44 83 46293.329178
44 84 19976.089793
44 85 36994.319004
44 86 34348.399214
44 87 19660.600735
44 88 33074.631916
44 89 28245.388368
44 90 23051.379954
44 91 9286.772693
44 92 26988.179408
44 93 30436.867552
44 94 26620.087111
44 95 28499.844932
44 96 26428.815097
44 97 13004.969151
44 98 21414.664440
44 99 43388.588474
44 100 20804.029771
45 46 12383.215751
45 47 18450.001077
45 48 15126.366192
45 49 12011.684704
45 50 13948.822888
45 51 9106.446614
45 52 14258.443724
45 53 22325.634606
45 54 16004.448970
45 55 13083.975618
45 56 16839.517515
45 57 13374.163042
45 58 15147.706604
45 59 26612.174252
45 60 28953.527385
45 61 23985.228052
45 62 26568.371290
45 63 13161.532126
45 64 33787.182851
45 65 11542.491664
45 66 28439.936685
45 67 12357.118620
45 68 22778.463002
45 69 21656.969828
45 70 10258.484433
45 71 14579.568556
45 72 17285.444937
45 73 19215.642092
45 74 14364.353194
45 75 21484.173953
45 76 7049.969382
45 77 5270.437953
45 78 11864.424095
45 79 33955.725109
45 80 22332.542721
45 81 33112.334329
45 82 14743.546019
45 83 12511.863637
45 84 24664.611122
45 85 11286.179142
45 86 6128.666053
45 87 14673.599604
45 88 14820.995191
45 89 5907.580382
45 90 11250.643745
45 91 28178.497678
45 92 17158.501276
45 93 15815.514482
45 94 16604.489920
45 95 8658.928085
45 96 17220.286236
45 97 28076.880025
45 98 18218.270984
45 99 9332.656906
45 100 30076.454013
46 47 13382.763216
46 48 14201.549185
46 49 22380.493202
46 50 23096.703794
46 51 5201.771785
46 52 21999.423264
46 53 10803.616035
46 54 10372.563767
46 55 8214.686622
46 56 15631.512060
46 57 10341.644693
46 58 5769.323922
46 59 21262.626622
46 60 28135.744660
46 61 16458.801991
46 62 22723.340098
46 63 2949.122301
46 64 21463.661989
46 65 8836.695430
46 66 18656.886454
46 67 6257.443264
46 68 14230.785924
46 69 24689.377859
46 70 8621.486510
46 71 18797.346212
46 72 13770.956916
46 73 19664.390649
46 74 3960.267609
46 75 14094.092497
46 76 7805.941088
46 77 7500.356045
46 78 6367.841488
46 79 26467.599856
46 80 10965.036605
46 81 27802.256894
46 82 4883.804549
46 83 24885.319778
46 84 14194.174390
46 85 19125.210880
46 86 14656.456246
46 87 2480.460856
46 88 14080.344134
46 89 7066.267939
46 90 4416.528511
46 91 15801.915381
46 92 10975.896050
46 93 12601.662197
46 94 10252.096631
46 95 6825.384115
46 96 15692.728126
46 97 16002.078738
46 98 12969.700753
46 99 21688.748596
46 100 23863.465850
47 48 5419.270687
47 49 30461.490358
47 50 32251.659623
47 51 17311.707264
47 52 32096.708317
47 53 20988.595875
47 54 23755.242882
47 55 21471.677039
47 56 5169.587118
47 57 23463.268068
47 58 18935.415943
47 59 34446.089805
47 60 41442.325842
47 61 29242.370540
47 62 36073.231367
47 63 16293.763267
47 64 26395.917768
47 65 6958.739710
47 66 29864.820233
47 67 19521.945194
47 68 6306.184533
47 69 37089.344420
47 70 21109.339580
47 71 30495.137949
47 72 27115.647118
47 73 32603.360464
47 74 9788.291271
47 75 27073.210206
47 76 18812.172774
47 77 16767.940094
47 78 19530.912260
47 79 38756.339543
47 80 11378.275391
47 81 40847.447420
47 82 18032.394810
47 83 28863.608664
47 84 10530.209328
47 85 29029.526565
47 86 23757.808553
47 87 14543.805834
47 88 5659.251053
47 89 16880.450744
47 90 17518.169054
47 91 20004.320980
47 92 2487.485860
47 93 3006.803243
47 94 3172.816348
47 95 10291.985353
47 96 28860.073852
47 97 17314.772639
47 98 26342.048093
47 99 25263.736249
47 100 36761.723130
48 49 26929.776613
48 50 29060.161033
48 51 16697.151999
48 52 29319.186517
48 53 23698.834148
48 54 24129.704102
48 55 21446.152867
48 56 1750.944453
48 57 23131.515089
48 58 19962.818284
48 59 35340.288555
48 60 41067.373804
48 61 30659.748665
48 62 36525.351824
48 63 17095.231393
48 64 30813.745891
48 65 5476.549099
48 66 32335.010355
48 67 19615.976491
48 68 11695.331910
48 69 35556.783581
48 70 20319.425965
48 71 28640.221249
48 72 27113.446123
48 73 31722.202145
48 74 11645.691771
48 75 28287.588388
48 76 17420.360776
48 77 14960.632232
48 78 19476.099923
48 79 40616.465945
48 80 15876.931541
48 81 41939.044250
48 82 19083.882310
48 83 24206.959708
48 84 15710.431505
48 85 26291.715109
48 86 20997.267255
48 87 16070.894068
48 88 320.215061
48 89 15277.185928
48 90 17556.754850
48 91 24371.922742
48 92 6362.831706
48 93 2745.933788
48 94 6536.572290
48 95 8658.840178
48 96 28401.821058
48 97 22120.570797
48 98 26792.146706
48 99 20646.591536
48 100 38051.840358
49 50 3079.842994
49 51 17498.739895
49 52 5468.999820
49 53 29976.417895
49 54 20459.563195
49 55 18603.643186
49 56 28591.773126
49 57 17333.535257
49 58 22557.237204
49 59 27532.856285
49 60 25048.791734
49 61 27473.543551
49 62 26069.770939
49 63 21841.706718
49 64 42337.178521
49 65 23541.707114
49 66 33403.294419
49 67 19177.609914
49 68 34579.697784
49 69 15556.663570
49 70 15739.549774
49 71 10468.329529
49 72 19429.747765
49 73 16749.883486
49 74 25354.468180
49 75 25436.412626
49 76 14707.983181
49 77 15095.617027
49 78 18652.740889
49 79 35856.033821
49 80 33212.071514
49 81 32926.443355
49 82 22599.525292
49 83 9137.323066
49 84 36005.463139
49 85 5167.551255
49 86 7735.255627
49 87 24118.023511
49 88 26615.520261
49 89 15396.586318
49 90 19319.784000
49 91 37587.406502
49 92 29113.329532
49 93 27806.680656
49 94 28532.585461
49 95 20502.192195
49 96 17616.984472
49 97 38331.011694
49 98 21422.431063
49 99 9770.990151
49 100 31214.015438
50 51 18000.866331
50 52 2806.411603
50 53 29736.109414
50 54 19730.900630
50 55 18270.344973
50 56 30759.451961
50 57 16702.761743
50 58 22493.330363
50 59 25685.656653
50 60 22351.604633
50 61 26211.688903
50 62 23963.623603
50 63 22170.359470
50 64 42174.782139
50 65 25293.674154
50 66 32359.553070
50 67 19142.079038
50 68 35979.212409
50 69 12721.824161
50 70 15654.408256
50 71 8476.595863
50 72 18188.751626
50 73 14583.051569
50 74 26366.805244
50 75 24353.232219
50 76 15292.639947
50 77 16178.769238
50 78 18645.221731
50 79 34056.490545
50 80 34048.933242
50 81 30748.798162
50 82 22658.114786
50 83 12143.212998
50 84 37057.107048
50 85 4182.663637
50 86 8674.366424
50 87 24593.067681
50 88 28751.812418
50 89 16364.945743
50 90 19609.246476
50 91 37774.779808
50 92 30733.318951
50 93 29721.358119
50 94 30115.825244
50 95 22083.267758
50 96 16069.587456
50 97 38833.678994
50 98 20328.063011
50 99 12832.876194
50 100 29331.621971
51 52 16811.371476
51 53 13344.155825
51 54 7910.730632
51 55 4957.122801
51 56 18350.446424
51 57 6436.635960
51 58 6042.615356
51 59 19234.441458
51 60 24405.830965
51 61 15555.468630
51 62 20016.393442
51 63 4414.306238
51 64 25247.884005
51 65 11298.377563
51 66 19444.565414
51 67 3525.072537
51 68 19162.687351
51 69 19898.262597
51 70 3798.262615
51 71 13704.094640
51 72 10476.884979
51 73 15303.405291
51 74 8917.054245
51 75 13019.372093
51 76 2796.925797
51 77 3883.159484
51 78 3152.341359
51 79 25738.179066
51 80 16141.651491
51 81 25900.456619
51 82 5687.186155
51 83 21113.148637
51 84 19390.676366
51 85 13971.124883
51 86 9778.928336
51 87 6626.067405
51 88 16493.643894
51 89 3220.310587
51 90 2152.901549
51 91 20142.570859
51 92 15116.996051
51 93 15816.506682
51 94 14395.379156
51 95 8074.658093
51 96 11731.842520
51 97 20867.763126
51 98 10506.258393
51 99 18256.403340
51 100 22357.124005
52 53 27823.394652
52 54 17576.558891
52 55 16410.878697
52 56 31050.344241
52 57 14659.144364
52 58 20771.633206
52 59 22952.545557
52 60 19624.019960
52 61 23706.997873
52 62 21174.794651
52 63 20760.118027
52 64 40261.562248
52 65 25162.326672
52 66 29943.190013
52 67 17491.366304
52 68 35394.462146
52 69 10087.663940
52 70 14041.404759
52 71 5789.893274
52 72 15743.817768
52 73 11795.575403
52 74 25492.628052
52 75 21949.125326
52 76 14250.018649
52 77 15558.754003
52 78 17025.337905
52 79 31326.787864
52 80 32953.005030
52 81 27948.289030
52 82 21027.501308
52 83 14586.738573
52 84 36135.460112
52 85 3067.182435
52 86 8364.136425
52 87 23271.523500
52 88 29020.565713
52 89 15632.756392
52 90 18208.578508
52 91 36129.634255
52 92 30408.908012
52 93 29724.023189
52 94 29758.469193
52 95 21817.467336
52 96 13487.696483
52 97 37430.361956
52 98 17945.328241
52 99 14830.799103
52 100 26584.384998
53 54 10540.998801
53 55 11465.827756
53 56 24783.333340
53 57 13187.306948
53 58 7492.960525
53 59 16046.905870
53 60 25975.255179
53 61 10149.567994
53 62 18730.004684
53 63 9180.121263
53 64 12443.957821
53 65 18890.310214
53 66 8891.877172
53 67 10836.154895
53 68 18436.833142
53 69 26483.143307
53 70 14237.095823
53 71 22913.335269
53 72 13620.904713
53 73 20572.917706
53 74 12077.194555
53 75 9115.939277
53 76 15940.042250
53 77 17060.925127
53 78 11372.115516
53 79 18148.178886
53 80 11760.013767
53 81 21440.333616
53 82 7667.349101
53 83 34450.926915
53 84 15495.700961
53 85 25556.829526
53 86 22573.499526
53 87 8345.232501
53 88 23663.588838
53 89 16442.011446
53 90 11208.194112
53 91 9113.311638
53 92 18576.072460
53 93 21465.114077
53 94 18003.669308
53 95 17552.910945
53 96 16412.512851
53 97 11977.464212
53 98 11457.592113
53 99 31580.377782
53 100 17180.439760
54 55 3009.819705
54 56 25689.806458
54 57 3145.531211
54 58 5232.644554
54 59 11347.020696
54 60 17912.071767
54 61 7985.418056
54 62 12416.289362
54 63 7484.271034
54 64 22841.989845
54 65 18653.197348
54 66 13098.265963
54 67 4548.440498
54 68 23965.744248
54 69 16232.477327
54 70 5788.257898
54 71 12414.337274
54 72 3649.201660
54 73 10471.080138
54 74 14135.931214
54 75 5512.876343
54 76 8999.883440
54 77 11364.536685
54 78 4790.720315
54 79 18008.453648
54 80 18933.627528
54 81 18011.913936
54 82 6043.450564
54 83 26508.812027
54 84 22737.093735
54 85 15628.523129
54 86 13845.771390
54 87 9650.258379
54 88 23960.851132
54 89 10720.680325
54 90 6585.442891
54 91 19435.089597
54 92 21339.736316
54 93 22838.314518
54 94 20618.376010
54 95 15734.355783
54 96 6197.129916
54 97 21607.438703
54 98 2663.315332
54 99 24271.794237
54 100 14454.260270
55 56 23050.933301
55 57 2242.394690
55 58 4472.150232
55 59 14281.076061
55 60 19970.904217
55 61 10920.322497
55 62 15112.476068
55 63 5617.341634
55 64 23905.630665
55 65 15984.363697
55 66 15600.710257
55 67 1959.558054
55 68 22302.670605
55 69 16867.809981
55 70 3075.201737
55 71 11877.119916
55 72 5692.608738
55 73 11537.529912
55 74 12147.367453
55 75 8405.468488
55 76 6043.211217
55 77 8357.189613
55 78 1975.885246
55 79 21004.283378
55 80 17939.357542
55 81 20946.099551
55 82 4943.639936
55 83 23997.813916
55 84 21602.165934
55 85 14091.128914
55 86 11504.787616
55 87 8133.971161
55 88 21261.430493
55 89 7711.562858
55 90 3966.925391
55 91 19785.383601
55 92 19122.255454
55 93 20322.994415
55 94 18394.239426
55 95 12926.184885
55 96 7482.192384
55 97 21438.645762
55 98 5552.551793
55 99 21587.505452
55 100 17452.310788
56 57 24777.257211
56 58 21400.779786
56 59 36846.535889
56 60 42742.213241
56 61 32064.402720
56 62 38099.717285
56 63 18554.405169
56 64 31308.283483
56 65 7069.071867
56 66 33510.030192
56 67 21197.965184
56 68 11427.140703
56 69 37300.781211
56 70 22002.791018
56 71 30389.578631
56 72 28730.837165
56 73 33430.895463
56 74 12825.510922
56 75 29724.105469
56 76 19141.490372
56 77 16697.892277
56 78 21076.929468
56 79 41949.395984
56 80 16286.150979
56 81 43421.473966
56 82 20512.432272
56 83 25598.890660
56 84 15697.383105
56 85 28027.235130
56 86 22736.379678
56 87 17384.327806
56 88 2034.752346
56 89 17005.153050
56 90 19135.910221
56 91 24877.700803
56 92 6747.579979
56 93 3334.107528
56 94 7092.979792
56 95 10349.313401
56 96 30071.116968
56 97 22388.664961
56 98 28348.936085
56 99 22067.057712
56 100 39494.126471
57 58 6608.129966
57 59 13318.561318
57 60 18027.894639
57 61 10870.375672
57 62 13719.271395
57 63 7839.994214
57 64 25610.979647
57 65 17715.225727
57 66 16232.522627
57 67 4116.302782
57 68 24498.409309
57 69 14625.706489
57 70 3203.104897
57 71 9821.682125
57 72 4132.785875
57 73 9335.928844
57 74 14295.549887
57 75 8501.259270
57 76 6623.279433
57 77 9209.600509
57 78 3977.140870
57 79 20616.693072
57 80 20178.471838
57 81 19919.175313
57 82 7150.746521
57 83 23429.187658
57 84 23844.510226
57 85 12565.293515
57 86 10737.974536
57 87 10373.352973
57 88 22929.658509
57 89 8625.473641
57 90 5974.310697
57 91 21771.494060
57 92 21154.437678
57 93 22169.356972
57 94 20425.929672
57 95 14508.844207
57 96 5396.953183
57 97 23571.414811
57 98 4868.594074
57 99 21291.324723
57 100 16715.138506
58 59 15539.346868
58 60 23102.447482
58 61 10714.580313
58 62 17174.300959
58 63 2887.725480
58 64 19779.941321
58 65 14560.844107
58 66 13605.405901
58 67 3380.146185
58 68 18759.955071
58 69 21108.047726
58 70 6852.537057
58 71 16349.200548
58 72 8875.813740
58 73 15527.362895
58 74 9169.419909
58 75 8325.859824
58 76 8491.771645
58 77 9900.703868
58 78 3905.360387
58 79 20803.676158
58 80 13767.898638
58 81 22043.834643
58 82 903.944704
58 83 27034.780792
58 84 17538.593061
58 85 18314.176691
58 86 15087.586775
58 87 4498.852382
58 88 19835.360890
58 89 9247.751370
58 90 3898.536715
58 91 15362.070769
58 92 16472.908416
58 93 18349.446663
58 94 15766.323578
58 95 12162.321668
58 96 11286.030541
58 97 16973.138566
58 98 7573.239106
58 99 24268.845426
58 100 18094.401689
59 60 10945.757256
59 61 5898.435030
59 62 3247.861339
59 63 18316.620970
59 64 25017.955299
59 65 29874.125863
59 66 10780.953212
59 67 15885.905315
59 68 33559.513633
59 69 16035.429426
59 70 16518.550209
59 71 17212.832925
59 72 9329.332540
59 73 11311.355307
59 74 24658.481690
59 75 7477.340389
59 76 19933.646435
59 77 22477.330527
59 78 16136.526488
59 79 8374.410892
59 80 27432.537325
59 81 6666.475094
59 82 16442.679450
59 83 35335.562689
59 84 31284.683329
59 85 22377.145941
59 86 22918.649525
59 87 19908.319411
59 88 35187.610472
59 89 21865.521993
59 90 17894.176518
59 91 24486.560914
59 92 31970.761852
59 93 33864.236733
59 94 31273.365655
59 95 27060.659085
59 96 10090.781071
59 97 27872.349749
59 98 8728.681625
59 99 33786.931456
59 100 3689.536728
60 61 16277.577097
60 62 7717.498755
60 63 25340.586043
60 64 35901.913777
60 65 35702.986419
60 66 21726.463344
60 67 21923.479446
60 68 41862.364988
60 69 9747.513406
60 70 20750.708756
60 71 15245.266392
60 72 14372.369492
60 73 9739.238144
60 74 31999.210154
60 75 16859.594685
60 76 23823.439845
60 77 26443.285685
60 78 21915.418089
60 79 16926.848012
60 80 36483.272129
60 81 11208.727560
60 82 23943.331421
60 83 34024.985183
60 84 40349.180411
60 85 20574.515776
60 86 23556.501187
60 87 27560.416856
60 88 40850.609421
60 89 25997.425280
60 90 23926.890319
60 91 34866.813257
60 92 39087.741709
60 93 40195.020794
60 94 38360.294177
60 95 32409.507287
60 96 12674.174320
60 97 37951.728145
60 98 15575.043152
60 99 33581.322521
60 100 12713.208824
61 62 8724.379085
61 63 13600.650311
61 64 19774.280389
61 65 25274.388300
61 66 6457.458623
61 67 12031.351061
61 68 27908.598547
61 69 19059.259107
61 70 13768.602947
61 71 17989.216475
61 72 8050.899669
61 73 13366.554199
61 74 19498.234259
61 75 2536.692482
61 76 16960.491445
61 77 19228.887039
61 78 12421.725888
61 79 10200.002797
61 80 21624.872918
61 81 11678.780562
61 82 11580.840392
61 83 34237.385155
61 84 25458.364556
61 85 22381.028433
61 86 21528.935797
61 87 14760.729540
61 88 30538.879179
61 89 18570.276651
61 90 13814.337220
61 91 18685.090786
61 92 26754.966236
61 93 28945.451194
61 94 26081.010840
61 95 22794.007856
61 96 10261.949826
61 97 21994.734692
61 98 6138.307165
61 99 32161.699574
61 100 7522.649582
62 63 19787.745725
62 64 28196.654323
62 65 31051.249962
62 66 14015.894711
62 67 16909.434685
62 68 35663.265102
62 69 13366.679895
62 70 16875.641648
62 71 15606.741826
62 72 9587.531976
62 73 9380.583083
62 74 26338.960980
62 75 9755.800714
62 76 20271.745034
62 77 22900.027439
62 78 17066.060113
62 79 10652.364573
62 80 29799.674599
62 81 6886.726354
62 82 18070.529892
62 83 34300.920553
62 84 33672.867021
62 85 20994.179667
62 86 22263.981021
62 87 21654.878615
62 88 36349.459367
62 89 22333.298023
62 90 18968.925311
62 91 27408.758394
62 92 33626.545649
62 93 35250.406470
62 94 32913.577289
62 95 28038.529252
62 96 9409.971786
62 97 30667.178715
62 98 9769.210936
62 99 33056.517798
62 100 5878.999911
63 64 20850.840855
63 65 11678.860188
63 66 16259.719603
63 67 3749.020317
63 68 16697.640811
63 69 22422.862924
63 70 6806.092865
63 71 16965.719556
63 72 10970.810501
63 73 17154.469854
63 74 6660.977354
63 75 11195.874203
63 76 7194.349154
63 77 7914.078132
63 78 4029.601888
63 79 23686.471792
63 80 12507.863085
63 81 24868.292104
63 82 2057.617404
63 83 25423.649036
63 84 16069.819392
63 85 18058.047609
63 86 14152.360980
63 87 2603.097408
63 88 16962.724241
63 89 7317.173800
63 90 2562.219168
63 91 15753.228390
63 92 13863.887938
63 93 15548.223173
63 94 13145.012145
63 95 9307.729501
63 96 13058.516185
63 97 16682.022854
63 98 10048.685243
63 99 22453.361532
63 100 20956.699951
64 65 27375.133409
64 66 14367.912982
64 67 23159.709485
64 68 21200.341278
64 69 38228.801949
64 70 26614.420719
64 71 35256.327060
64 72 25578.209627
64 73 32309.633054
64 74 20773.568131
64 75 20004.338904
64 76 27983.589743
64 77 28663.401341
64 78 23684.706696
64 79 22854.830289
64 80 15032.526508
64 81 28262.489278
64 82 19776.404821
64 83 46216.839369
64 84 16673.181220
64 85 37993.817226
64 86 34816.734329
64 87 19114.325844
64 88 30898.564992
64 89 28108.292728
64 90 23208.979535
64 91 6441.831195
64 92 24566.612090
64 93 28131.534472
64 94 24292.356448
64 95 27321.850483
64 96 28360.850619
64 97 9474.876310
64 98 23294.813812
64 99 43117.947700
64 100 24444.969747
65 66 27287.303481
65 67 14142.674311
65 68 11554.718787
65 69 30586.093316
65 70 14992.399377
65 71 23819.822937
65 72 21662.021011
65 73 26475.427347
65 74 6918.704690
65 75 22872.939327
65 76 12288.750574
65 77 10018.856697
65 78 14011.470672
65 79 35304.054948
65 80 13175.791399
65 81 36483.268259
65 82 13695.253032
65 83 22608.828261
65 84 14333.065073
65 85 22095.922124
65 86 16811.644924
65 87 10884.626615
65 88 5314.051358
65 89 10224.112685
65 90 12082.339547
65 91 21025.563203
65 92 5682.916697
65 93 4686.803054
65 94 5212.400544
65 95 3472.524164
65 96 23028.846622
65 97 19529.017860
65 98 21315.599681
65 99 19020.906768
65 100 32625.063087
66 67 16082.820023
66 68 27179.209858
66 69 25476.890207
66 70 18664.549831
66 71 24296.473493
66 72 14199.412326
66 73 19822.720558
66 74 20697.856531
66 75 8006.333457
66 76 21444.608947
66 77 23319.568169
66 78 16578.794687
66 79 9628.313243
66 80 20331.799888
66 81 14143.052098
66 82 14259.466390
66 83 39564.729323
66 84 23861.274043
66 85 28407.914684
66 86 26938.076246
66 87 16414.134997
66 88 32274.963050
66 89 22652.029303
66 90 17392.027429
66 91 15003.948665
66 92 27436.984216
66 93 30217.510506
66 94 26848.211633
66 95 25455.263612
66 96 16617.328900
66 97 18842.710071
66 98 12033.230023
66 99 37183.240321
66 100 10137.813004
67 68 20382.194330
67 69 18673.842767
67 70 3487.803026
67 71 13345.069552
67 72 7609.353987
67 73 13451.425892
67 74 10197.081234
67 75 9495.730625
67 76 5402.848690
67 77 7296.611911
67 78 540.632709
67 79 22218.239669
67 80 16209.572920
67 81 22546.651711
67 82 3536.223764
67 83 23874.901149
67 84 19810.660027
67 85 14968.481167
67 86 11741.456128
67 87 6326.304792
67 88 19440.485995
67 89 6628.348148
67 90 2062.311626
67 91 18653.402852
67 92 17166.020360
67 93 18419.785069
67 94 16438.200644
67 95 11185.936171
67 96 9435.675797
67 97 20028.400556
67 98 7205.770670
67 99 21243.614505
67 100 18909.601624
68 69 38918.253171
68 70 22807.009442
68 71 32861.311858
68 72 27572.132231
68 73 33833.268081
68 74 10292.998642
68 75 26088.306622
68 76 21313.703713
68 77 19853.407356
68 78 20557.251538
68 79 36584.065701
68 80 6956.278117
68 81 39558.865916
68 82 17923.684666
68 83 34159.934832
68 84 4594.971802
68 85 32369.617795
68 86 27308.569527
68 87 14322.853607
68 88 11916.023408
68 89 19762.375096
68 90 18644.053099
68 91 15066.158464
68 92 5988.170101
68 93 9089.387346
68 94 6351.032316
68 95 14124.785855
68 96 29755.350705
68 97 11782.126761
68 98 26312.495789
68 99 30567.882064
68 100 35332.195062
69 70 16146.755277
69 71 7080.070584
69 72 12867.655688
69 73 5930.394876
69 74 28628.569140
69 75 18269.471454
69 76 18314.969779
69 77 20617.775255
69 78 18427.794836
69 79 24018.956479
69 80 34799.364200
69 81 19467.528672
69 82 21735.844851
69 83 24660.904759
69 84 38467.673209
69 85 11593.811207
69 86 15668.898271
69 87 24986.936250
69 88 35295.451449
69 89 20364.907166
69 90 20284.053945
69 91 35550.381314
69 92 34981.176902
69 93 35266.582118
69 94 34265.365306
69 95 27119.493618
69 96 10093.154894
69 97 37839.873619
69 98 15045.846273
69 99 24626.388156
69 100 19235.201941
70 71 10218.393863
70 72 7309.505426
70 73 11518.927888
70 74 12515.891434
70 75 11299.823008
70 76 3420.602025
70 77 6025.274021
70 78 2995.238186
70 79 23697.601186
70 80 19262.597558
70 81 23122.185900
70 82 7010.483473
70 83 20922.771868
70 84 22713.944831
70 85 11482.002460
70 86 8465.430433
70 87 9387.865992
70 88 20100.590514
70 89 5461.426845
70 90 4339.341619
70 91 22133.145479
70 92 18911.111821
70 93 19566.354140
70 94 18188.399802
70 95 11660.605210
70 96 8105.401015
70 97 23408.016328
70 98 7971.964780
70 99 18541.263175
70 100 19889.729042
71 72 10132.708732
71 73 6291.250436
71 74 22617.152218
71 75 16343.718006
71 76 11708.288625
71 77 13801.199489
71 78 12969.831612
71 79 25581.365688
71 80 29464.285542
71 81 22458.169103
71 82 16777.408395
71 83 19009.981679
71 84 32931.685292
71 85 5488.758342
71 86 8644.939393
71 87 19566.144010
71 88 28370.484031
71 89 13625.510365
71 90 14555.037365
71 91 31593.132918
71 92 28504.389271
71 93 28505.721155
71 94 27804.102759
71 95 20348.303780
71 96 7734.498185
71 97 33309.040278
71 98 12398.289255
71 99 18343.956653
71 100 20867.101414
72 73 6985.140502
72 74 17627.355638
72 75 6215.179066
72 76 10723.786646
72 77 13332.439363
72 78 7667.700980
72 79 17032.190652
72 80 22577.063605
72 81 15855.187645
72 82 9668.415249
72 83 26476.581549
72 84 26385.280421
72 85 14330.128786
72 86 13839.301362
72 87 13249.305075
72 88 26922.602723
72 89 12755.181454
72 90 9653.338707
72 91 22683.546194
72 92 24737.915718
72 93 26015.168550
72 94 24011.786595
72 95 18540.700125
72 96 2798.027657
72 97 25068.447686
72 98 2308.491200
72 99 24665.701624
72 100 12852.652702
73 74 23622.982716
73 75 12389.493290
73 76 14321.922774
73 77 16885.759226
73 78 13297.567392
73 79 19656.285649
73 80 29293.031267
73 81 16190.940912
73 82 16225.007356
73 83 25240.561313
73 84 33037.934046
73 85 11761.562622
73 86 13945.859966
73 87 19641.022622
73 88 31488.295465
73 89 16489.334558
73 90 15265.388257
73 91 29657.333985
73 92 30359.877451
73 93 31077.841826
73 94 29633.223201
73 95 23086.734131
73 96 4273.950771
73 97 32039.764959
73 98 9122.716973
73 99 24349.247545
73 100 14868.677636
74 75 17292.184969
74 76 11253.387621
74 77 10261.856023
74 78 10325.459155
74 79 29195.053486
74 80 7976.417873
74 81 31069.262138
74 82 8269.922884
74 83 26740.145334
74 84 10690.668522
74 85 22535.831986
74 86 17749.473741
74 87 4757.635188
74 88 11598.073559
74 89 10010.490806
74 90 8374.528562
74 91 14586.459947
74 92 7312.915817
74 93 9568.724010
74 94 6615.492446
74 95 6617.880776
74 96 19629.558795
74 97 13830.919910
74 98 16661.163417
74 99 23333.976474
74 100 27006.779798
75 76 14448.637861
75 77 16696.293850
75 78 9885.069636
75 79 12727.577649
75 80 20061.783026
75 81 13777.372644
75 82 9211.674088
75 83 31926.606527
75 84 23930.966648
75 85 20412.210955
75 86 19225.107321
75 87 12535.008418
75 88 28157.826782
75 89 16036.798340
75 90 11295.150181
75 91 18086.569510
75 92 24589.789525
75 93 26648.425136
75 94 23902.413191
75 95 20320.011879
75 96 8762.593075
75 97 21092.167633
75 98 4028.601244
75 99 29765.273755
75 100 9770.142691
76 77 2653.185089
76 78 4884.477060
76 79 27000.952150
76 80 18767.172947
76 81 26542.424770
76 82 8283.047408
76 83 18543.904204
76 84 21886.094348
76 85 11332.377568
76 86 6983.088187
76 87 9410.212044
76 88 17180.082206
76 89 2174.748372
76 90 4777.627793
76 91 22936.851199
76 92 16796.111657
76 93 16959.535125
76 94 16096.188543
76 95 8838.692992
76 96 11311.048718
76 97 23637.979588
76 98 11336.264522
76 99 15845.051024
76 100 23279.648366
77 78 6847.808656
77 79 29356.196869
77 80 18132.989627
77 81 29108.989396
77 82 9475.111294
77 83 17553.884216
77 84 20934.026016
77 85 12520.538019
77 86 7515.554692
77 87 9608.235193
77 88 14707.874415
77 89 668.933979
77 90 6003.079454
77 91 23235.178665
77 92 14918.174506
77 93 14704.522413
77 94 14248.084278
77 95 6548.331587
77 96 13962.132925
77 97 23481.138867
77 98 13812.677466
77 99 14539.323164
77 100 25763.400831
78 79 22593.992831
78 80 16531.557347
78 81 22802.106835
78 82 4015.353173
78 83 23338.912698
78 84 20096.072362
78 85 14475.570755
78 86 11203.465046
78 87 6629.418578
78 88 19293.497123
78 89 6181.570389
78 90 2012.887393
78 91 19137.981515
78 92 17199.551691
78 93 18349.512032
78 94 16471.064507
78 95 10982.327235
78 96 9355.122726
78 97 20457.495974
78 98 7423.811751
78 99 20718.744447
78 100 19215.225423
79 80 29831.088116
79 81 6213.970811
79 82 21638.415095
79 83 43447.491788
79 84 33435.081852
79 85 30691.495321
79 86 30865.853520
79 87 24565.231605
79 88 40514.098404
79 89 28704.361438
79 90 24013.953577
79 91 24524.179400
79 92 36282.544656
79 93 38749.943741
79 94 35645.373035
79 95 32947.122509
79 96 18292.345782
79 97 28425.905553
79 98 15749.947486
79 99 41697.016008
79 100 4812.175857
80 81 33144.833708
80 82 13079.021038
80 83 34646.971839
80 84 3876.065883
80 85 30090.198532
80 86 25533.508369
80 87 9904.773256
80 88 15986.469086
80 89 17815.790209
80 90 14925.554964
80 91 8626.221303
80 92 9560.555188
80 93 13158.770668
80 94 9341.794342
80 95 14219.719303
80 96 25053.222983
80 97 6371.869800
80 98 20970.679381
80 99 31194.550966
80 100 28889.603870
81 82 22941.862347
81 83 41185.446822
81 84 36927.192395
81 85 27870.427153
81 86 29069.915589
81 87 26312.320612
81 88 41793.174651
81 89 28504.271178
81 90 24546.175063
81 91 29034.448561
81 92 38362.721132
81 93 40393.249135
81 94 37677.717191
81 95 33712.683817
81 96 16159.685208
81 97 32735.765918
81 98 15394.280672
81 99 39896.485802
81 100 4259.895924
82 83 26784.046877
82 84 16813.833516
82 85 18490.384588
82 86 15040.376521
82 87 3625.975428
82 88 18959.721444
82 89 8836.990168
82 90 3542.567248
82 91 15122.662083
82 92 15570.923282
82 93 17451.701003
82 94 14863.725840
82 95 11364.751975
82 96 12008.924164
82 97 16537.916228
82 98 8442.802309
82 99 23942.058060
82 100 18981.728032
83 84 36657.985454
83 85 13530.143824
83 86 12708.748884
83 87 27131.306989
83 88 23890.448048
83 89 18118.414881
83 90 23242.771610
83 91 40686.063953
83 92 28221.629483
83 93 25899.874432
83 94 27809.760249
83 95 20525.545393
83 96 25244.888318
83 97 40534.605451
83 98 28109.116640
83 99 3602.626202
83 100 39014.194099
84 85 33204.047780
84 86 28435.797187
84 87 13485.487349
84 88 15889.623212
84 89 20699.804626
84 90 18382.922959
84 91 10695.205917
84 92 9470.293309
84 93 12986.960828
84 94 9547.914692
84 95 16153.994282
84 96 28818.368568
84 97 7215.505088
84 98 24820.575798
84 99 33120.936749
84 100 32668.210450
85 86 5307.959734
85 87 20517.030178
85 88 25995.229421
85 89 12617.872683
85 90 15495.994465
85 91 33611.527074
85 92 27347.433884
85 93 26663.084860
85 94 26699.369085
85 95 18750.909836
85 96 12451.527099
85 97 34737.466337
85 98 16385.195400
85 99 13074.073357
85 100 26061.413498
86 87 16388.829701
86 88 20702.857084
86 89 7740.981996
86 90 11661.803078
86 91 29905.390402
86 92 22135.075252
86 93 21360.173820
86 94 21501.859845
86 95 13503.573519
86 96 12915.979648
86 97 30595.756363
86 98 15403.623670
86 99 10868.318622
86 100 26559.044026
87 88 15982.066663
87 89 9096.051354
87 90 5078.247415
87 91 13642.739209
87 92 12064.391996
87 93 14206.705869
87 94 11371.424155
87 95 9219.792809
87 96 15486.218022
87 97 14247.055483
87 98 12067.485052
87 99 24003.635322
87 100 22259.523003
88 89 15032.319552
88 90 17383.122019
88 91 24457.263808
88 92 6503.791967
88 93 2904.792635
88 94 6645.330787
88 95 8441.480030
88 96 28188.622682
88 97 22249.432705
88 98 26623.872519
88 99 20328.980130
88 100 37918.665478
89 90 5349.223887
89 91 22736.522293
89 92 14962.638976
89 93 14908.807227
89 94 14280.172797
89 95 6754.898095
89 96 13465.102778
89 97 23067.223176
89 98 13186.369769
89 99 15143.667938
89 100 25133.861541
90 91 18268.127120
90 92 15188.140756
90 93 16364.592848
90 94 14459.617946
90 95 9166.844282
90 96 11362.806420
90 97 19242.877554
90 98 9248.138633
90 99 20407.555454
90 100 20848.512260
91 92 18132.663105
91 93 21691.143853
91 94 17851.494296
91 95 21195.151586
91 96 25460.874250
91 97 4030.378537
91 98 20557.837336
91 99 37455.990683
91 100 24875.243513
92 93 3619.993927
92 94 728.544155
92 95 8650.403910
92 96 26548.998895
92 97 15760.713596
92 98 23910.886376
92 99 24623.689703
92 100 34274.519204
93 94 3840.397176
93 95 8159.326671
93 96 27531.182512
93 97 19380.586559
93 98 25481.417675
93 99 22303.604578
93 100 36412.854368
94 95 8042.763806
94 96 25820.458132
94 97 15616.643348
94 98 23193.030729
94 99 24217.008510
94 100 33598.274979
95 96 19747.523206
95 97 20344.429834
95 98 18390.040302
95 99 17020.405257
95 100 29981.222521
96 97 27778.246093
96 98 5066.634259
96 99 23765.172586
96 100 13772.324811
97 98 23089.421137
97 99 37157.066338
97 100 28530.546815
98 99 26098.131122
98 100 11952.161225
99 100 37425.634132
0.000000 18.865439 14.546949 14.134273 12.177321 11.256546 13.089146 17.261044 17.828721 16.937876 10.098023 18.432133 19.223320 17.709542 10.426599 13.781861 17.043396 17.295130 12.242771 12.690547 16.730312 14.774922 16.237164 12.364449 11.771238 18.296434 17.669217 19.344783 11.078889 11.822275 10.990953 14.897638 11.932453 18.958916 10.990896 10.441656 15.572952 17.724951 13.119401 11.789825 13.389557 12.101456 15.101525 19.063643 16.289239 11.015339 13.908548 10.546166 15.012829 14.317212 19.975603 18.116026 14.856517 18.944478 11.375466 13.900049 19.273562 19.174938 17.135740 16.183374 13.432879 19.360273 11.247740 17.305854 16.464774 18.331520 13.982822 17.498222 18.352205 13.224604 15.522616 19.791291 15.493085 13.304236 16.194716 13.606366 17.565095 14.139007 14.923451 16.947432 19.727339 13.277550 18.378032 17.390722 19.541745 10.319226 13.568690 16.626538 12.815016 12.303831 17.111286 16.245729 15.906087 16.604380 10.475547 13.487848 14.513406 12.409050 17.150450 18.561823 