100 4
17320.923685
14619.106490
10993.876149
16133.421478
28501.856531
15521.351384
22697.525052
12644.303426
20442.912623
25908.165648
13126.073216
23068.197432
10104.368979
19844.953519
26382.376140
19890.384701
15236.596485
35465.810709
23224.736010
20560.264305
18038.650513
25801.260936
31105.386833
10980.661959
22185.796658
14495.507888
28096.120314
17849.374976
35474.669874
11202.963927
23939.881766
35833.447951
19962.434146
15406.828255
12865.639325
18749.482710
27432.243764
18114.909340
15396.838128
31036.855669
11093.557919
35762.724732
11644.102237
19675.145064
18389.454970
32075.863730
24050.675418
19341.618918
19111.990417
29556.164537
39209.839860
13195.134582
24001.813073
20903.605692
21244.479003
15168.326556
23865.852208
35156.469808
35968.621721
34085.753584
24655.974243
11379.750526
33512.079367
37391.287097
26426.065769
20380.445591
8680.841218
10219.784527
17494.482016
16350.522388
22042.691243
17488.930334
9190.216995
9576.493323
12375.117585
15027.751303
13885.137132
16793.485527
36083.630977
35815.098263
18204.078771
38044.582586
22534.585631
24750.241181
10844.129813
18621.362976
31295.799414
10992.053248
22274.792855
33588.676566
19853.116856
21190.246656
32448.249050
24169.348080
32322.421106
26478.690425
19896.031472
17945.234005
32112.278060
2746.752039
8350.767881
2451.425314
15381.241587
3278.338526
5790.610416
6915.991457
3172.270498
20959.170684
7110.225077
15358.331197
7741.720493
3022.785286
14631.090916
2603.973606
14287.075710
20943.366342
7609.086609
5447.454698
8980.459193
17638.933186
19499.607743
19311.863919
5489.411911
16386.009069
10872.058305
2935.333297
20483.319992
6331.151743
9778.296287
18842.338973
10074.473120
5818.645290
6968.048759
8343.522891
19444.030913
1923.802616
6437.370822
21992.355985
11198.833425
25306.410494
5931.666704
4206.627368
20501.592270
14886.295800
12062.089415
16780.612069
6415.872811
15386.497547
23041.224436
8412.136198
8847.856302
11623.597187
5390.693348
6132.458413
13593.645364
20657.813815
19471.692155
16870.374621
16530.406122
6524.982657
25823.105112
22650.663404
14528.289469
14489.464789
18077.223426
7450.930187
6650.767821
20408.258659
4801.985189
6558.674853
9088.943623
12647.977452
15023.394687
25236.698302
12666.941554
1951.235277
20645.531361
19034.976896
9387.567420
22806.562900
8016.567530
16483.862427
8118.795598
2934.604073
15119.215241
11256.508335
5231.113357
16500.719734
7426.238567
8805.520294
16062.681737
8313.518434
15263.739258
11986.757697
7019.137217
2771.265197
15091.649535
6498.107191
2126.867173
16591.868763
2240.154412
8468.539862
5465.982893
5918.461456
21334.360852
5888.863217
15128.624783
5393.305491
5616.103015
16201.314173
5350.677044
13415.654939
23252.202699
9941.890291
7488.517916
8456.690777
17641.959003
21183.804381
17435.770008
7772.578556
15216.643381
13618.791727
4513.923616
22880.154374
3905.937023
11106.160585
21362.823028
10850.189747
5563.544055
5621.461755
8170.725927
20367.244805
4085.842550
5242.816008
22357.760584
8904.646218
26872.388725
3198.642967
6281.463092
19590.856289
17632.787953
12784.059568
16459.964881
6832.107890
16915.168050
25664.796164
6473.657603
11086.315686
12389.770777
7212.466177
5756.751104
13908.096727
22377.088460
22138.276852
19617.030140
16468.710083
4332.725489
26868.600865
25016.303522
15350.636683
13775.318459
15501.636607
5036.101135
6312.086843
19186.465969
7547.303333
7115.464934
6392.809063
10182.867757
13583.609086
23378.940409
11630.079232
2502.702336
22642.823148
21743.109652
9756.952553
25266.297547
10024.746085
16453.074520
6171.401719
4959.093533
17709.807312
8948.016546
7718.536589
19059.579175
7881.466287
10200.090493
18698.255373
10738.516125
18001.444528
14143.427048
8388.008667
4467.409285
17616.324385
8623.099463
23081.199010
8574.145017
12557.145796
1758.780281
10923.590846
17411.100876
2139.285746
20851.899358
2143.570970
9942.423440
15589.076074
10464.606062
7708.777528
24478.006919
12487.070257
9881.939626
14237.065947
23517.227070
20466.962615
10991.654119
13839.770666
9022.348387
18061.129959
7590.675333
24482.029869
3110.340390
17603.185711
26991.433521
9177.126719
4480.573256
1922.009316
14238.614057
17724.803332
8266.464218
10784.315983
28457.766651
11378.329608
25531.341730
5840.046701
9204.799803
13580.323980
21883.705332
19175.950625
11480.850073
13235.874355
23403.116659
28326.673269
10572.143662
13134.632062
10327.338385
13571.835592
4208.577066
20087.819605
28831.598213
25208.784590
23901.507017
22312.074821
2322.498460
24184.825838
26399.926715
21754.950966
19015.324310
15515.141146
2530.580226
12408.169953
12874.603829
12326.094086
6500.168623
7316.456471
11631.183049
7183.290885
16932.036321
5806.190808
8956.755652
28966.481285
25188.625055
7458.588951
27055.335084
11623.666831
22324.055724
445.566574
8426.371069
20489.083995
11357.455695
13539.518317
24602.743362
14266.894375
10200.193347
21690.621896
13452.137760
21960.808167
15495.951294
8925.887295
7748.198290
23258.579720
14465.205850
868.504196
7971.106255
7564.912816
5178.502519
22941.441491
7952.597987
13347.569158
7421.788395
5380.328615
17039.952556
4629.445729
15450.193235
23337.554700
10026.866957
7896.487848
6777.666076
15770.987045
21932.807734
19541.155732
6052.436012
17311.422517
12653.779476
5239.575254
22840.811516
5927.828386
8985.984732
19702.365622
12202.111126
7322.146959
7705.591006
6312.322301
21669.937494
4355.097187
3999.091557
20373.344059
8910.131299
27724.738290
4490.401791
6653.998327
21646.751107
16654.082357
10695.572380
18344.917922
4760.367087
14804.129658
25200.274581
6011.574593
11282.399513
13757.713000
5249.189742
7567.474233
11917.229859
20288.160974
21567.442642
18588.363142
14619.924500
6429.125300
28103.141775
25020.220983
13253.128154
12245.798754
15980.378493
7037.071825
4498.519657
21292.575418
6749.118546
8539.424477
7336.715548
10469.109780
15704.964662
25482.370493
13693.899645
724.698296
20628.694543
21030.436327
11313.502529
25124.597375
10467.377709
14591.753680
8290.948479
5363.367190
17342.346645
8975.678622
6194.736957
17458.197017
5814.301512
11151.594903
18223.083437
10693.958196
17142.588434
14428.028343
9342.753956
5109.016687
15978.882987
14539.245587
15853.528407
21992.642626
14600.451244
35445.969935
22320.693126
8362.265599
21703.690273
15925.547813
26953.440519
14644.325514
29663.013962
28664.827835
18877.008833
18661.546606
10488.363112
7758.671083
30811.077037
33913.945741
10800.012317
31690.234888
15255.130514
17818.798981
27555.009155
20241.431206
5603.708451
13037.976638
24589.329995
21195.662929
22109.452915
9763.091067
33001.784759
16618.263915
13276.441408
8667.703061
17783.751445
36549.427805
18067.990771
17881.495222
35880.259699
17195.511798
4469.685788
32033.440411
9939.254388
2152.389701
26926.306811
15307.904124
20047.070765
26015.436855
10109.161313
21513.320553
5517.041660
6873.750992
23335.072393
18039.923409
7719.550114
20841.820572
38741.512492
29632.448695
2575.407337
10744.256173
24316.672756
21282.507837
11212.697241
35697.994399
14517.831740
21610.052229
19476.947992
19632.544607
30159.945351
39833.746769
28004.558699
14205.366394
8708.670501
21991.457221
24374.207670
28870.007396
20384.639443
7533.088508
22736.478376
17299.656000
21460.866138
17891.845402
11673.149060
12339.458647
8977.598212
22507.798804
21459.085850
18773.615921
18316.687561
22572.819692
21113.709231
17601.183767
11217.401109
8839.055178
7672.485631
6043.445377
23451.855888
8118.765857
12914.740617
7188.200773
6239.886025
17793.143410
5496.361770
15649.809887
24195.882305
10876.664661
8703.720960
6266.807613
15407.914633
22708.255957
19383.333512
6700.685272
17413.246739
13479.138255
5968.788834
23705.270676
5710.715071
9163.328202
20321.573787
12805.227841
7731.799195
7840.740214
5933.471616
22302.268602
5152.296746
3259.792793
20120.301285
8042.923457
28482.516658
3926.532152
7459.575847
21815.452209
17471.915078
10611.105449
18687.401666
4662.773552
15001.560757
26063.808711
5150.250887
12124.378747
14358.322276
5742.104095
7948.390569
11673.665442
20536.137804
22426.038650
19396.007218
14238.388919
6306.298094
28761.361730
25883.211325
13187.091512
11666.777648
15134.416081
6779.525902
4077.561629
21364.296639
7606.265884
9104.270041
6599.215165
9613.647221
15726.047073
25313.354231
13853.932175
1571.123683
20992.782310
21878.072871
11834.490325
25992.220041
11278.354297
14220.353736
8213.250586
6153.210824
18210.078968
8108.993709
6922.278404
18107.353948
5699.574988
11868.496879
19087.572866
11553.576845
17976.714470
15265.046514
10052.524955
5853.445454
16615.200556
10825.040215
2819.275678
19769.942481
10674.018606
18602.087132
12690.728819
2880.203447
11198.109894
3346.064747
16165.016372
15591.217395
3060.833165
3427.356674
13204.241656
20359.434341
15493.538212
22806.558852
5359.576479
18656.347725
5505.931095
4976.971757
14982.379744
11495.364182
10786.973481
14930.556642
9296.119059
8455.062119
10731.462390
12229.176986
17148.604036
4586.688700
11598.827930
23830.312254
16880.810017
21371.044189
11664.453906
3469.359500
22013.277564
9402.099441
13964.209579
17345.933970
9937.505495
15064.584804
17258.682899
13940.623991
4326.580422
10533.137794
6753.840467
8814.517124
16074.334054
19428.843532
13681.836494
11420.683499
19426.897019
11397.872292
22980.280591
17184.051470
15943.899647
18494.809083
23861.111640
12512.588315
11025.613887
22550.528581
1569.105970
7482.858404
14857.675010
18402.841201
17901.154708
28521.887010
15022.259187
7281.242028
18592.433998
13279.943903
9664.364386
17194.110304
4540.373273
19331.459777
12485.337524
4150.796937
9371.467388
16945.582154
4377.364257
12506.373222
10628.374381
6881.390397
10278.118467
3220.323158
9629.209138
7284.016427
5902.411063
4837.524396
11353.782575
9296.978231
16936.010480
678.340631
20353.199322
2955.249195
8260.654832
14204.799961
8863.194933
8023.470506
22882.968764
10735.368834
8124.176809
13673.395190
22950.629852
19149.536417
12421.815088
12384.019361
9750.790280
16324.818454
5875.068988
22845.376128
3077.835815
16446.181535
25359.320620
7872.841827
2764.803027
291.247318
13535.076793
16836.868744
6620.858536
10264.323485
27767.998672
11777.277212
24374.029389
5705.851880
7452.738953
14149.999889
20132.666627
18249.468318
11400.773069
12298.087962
22189.277713
26609.938255
10498.867263
11406.356239
9155.615498
12253.047929
2527.921096
19335.399843
27542.326982
23466.451163
22149.689754
21758.991549
2232.802716
23356.553058
24793.103695
20813.906370
18713.230631
16593.484749
3143.448981
11676.974519
13727.810620
10650.672057
4869.359191
7879.229940
12296.498143
8176.481927
18331.635203
6192.365434
7787.783771
27558.566224
23434.371536
6237.092858
25407.224417
9909.499715
21756.744807
1806.716221
6712.354939
18752.077709
11772.276725
12016.611954
22960.746766
13347.209355
8622.058319
19946.725010
11699.319421
20203.331807
13837.935470
7252.722266
6041.584108
21638.056507
20882.517068
9309.202210
16290.681842
10664.698443
1345.395091
13219.041986
570.937128
15763.073612
18371.234584
5348.128243
4150.367574
10556.810469
18244.518564
17807.206994
21655.703879
3818.631258
18095.405405
7701.023310
3649.313081
17790.394062
9333.476979
9162.967922
16068.997656
9989.332090
7417.483211
9271.517331
9649.117914
18738.622143
2680.576488
8787.286160
22080.987587
14085.173499
23687.667677
9101.774549
3281.100703
21861.797339
11714.347236
12068.335326
17600.742039
7395.444985
14172.261242
20022.164520
11124.680529
6673.908453
11429.552295
4704.493931
7780.350591
13998.478191
19053.437932
16399.739685
13700.727471
17241.150798
9395.448624
24854.495814
19988.146643
14281.602440
15949.927068
21128.726321
10420.824522
8317.185138
22091.219224
1630.492685
7200.773677
12240.350376
15639.527888
17026.529794
27510.020157
14364.937791
4477.265615
18649.211781
15906.497530
9853.505851
20013.229285
6336.126671
17162.052562
10767.993337
2915.126716
12174.873217
14152.010932
3069.346970
13679.384056
8196.221214
8018.274455
13044.582080
5811.581389
12098.810151
9797.292220
6522.445127
3437.663007
12341.895990
16274.581547
36272.359978
19522.626574
19590.901141
10202.218602
20910.491126
10695.843120
18063.368917
16954.648094
16784.572339
29706.756504
38598.007717
10751.361908
17173.107815
24650.801437
11697.117166
22861.980079
18086.508629
19074.163525
20011.022604
30043.591451
32800.085719
10954.937925
15779.730352
16658.343495
29229.668087
4393.333597
19263.004593
26576.039801
42840.148379
28691.950158
11995.988697
22595.876343
17620.588187
9750.273856
24626.533504
32819.282491
6569.312066
27374.511658
34812.807018
24553.020067
27327.752989
16060.028967
9461.101059
25539.726113
15619.860544
34521.523552
39109.356952
23520.845904
26060.551689
37484.439272
19153.413651
7918.641970
19717.133349
35133.915260
35105.039647
32573.617228
19855.851492
27439.183116
12128.816909
20968.427477
14424.148168
24697.081186
29042.237793
13599.734575
19564.818741
12266.892244
22753.062410
37973.014118
24550.847496
11627.938962
21256.747411
15278.090464
37440.738366
17831.761301
18403.604760
19945.618186
28681.671730
23775.072224
30576.685003
28376.113939
12948.959777
21140.386057
17377.859297
23874.564680
14820.518861
14364.049592
18282.093925
29900.427523
20881.071809
3604.369933
8209.572699
13589.858779
8904.282950
7532.626916
22358.191589
10402.924897
7833.668681
14195.122242
23458.221900
18519.638952
12348.394942
12530.778281
9374.736187
16153.980744
5785.271398
22348.639497
3747.898088
16751.961434
25335.448933
7232.126415
2369.238117
388.918514
14018.082855
16159.138632
6629.733431
10807.281854
28236.507275
12449.260729
23717.061113
6343.881693
7250.870656
13702.603871
19913.320077
18648.166748
10801.848128
12706.736805
22458.578327
26194.474171
11126.505328
11012.764059
8494.354438
12486.929667
2077.319353
19792.403373
27767.225459
23098.786894
21925.927300
22271.318286
2908.832329
22678.283757
24275.867250
21203.438175
19287.933568
17249.998953
3811.395178
12157.266788
13377.345289
10597.798844
4363.300878
8557.542339
12974.792623
7914.043583
18223.933419
5743.454891
8124.578536
27713.462746
23106.290893
5578.339664
24919.508315
9493.277551
22265.254107
2299.763861
6618.310530
18373.119750
12445.060122
12114.054058
22927.915809
13759.183933
8082.682171
19583.823786
11370.588295
19947.075004
13357.792722
6786.719955
5967.146628
21629.379723
18962.715026
17325.555036
29504.866774
16035.019507
28371.416719
33572.188764
21550.402287
20290.646886
6687.805825
2778.428867
34058.572489
30659.393857
13372.010688
29873.813446
20322.819909
18283.431186
32682.495042
17742.470182
8762.672789
20979.951274
25432.056737
20640.824301
20562.458718
7042.942901
34756.240125
17167.074034
10096.463605
8011.883826
11995.072673
39942.699236
15052.501333
19173.525123
34417.905927
23303.585807
5563.483074
31585.515712
9015.768774
10412.878867
33174.345676
10711.748783
22869.467013
26981.907959
11854.815318
20862.835754
3236.749929
14831.778771
29417.154907
24601.237762
1591.619272
18546.599704
41044.857944
34874.398676
5822.966144
2854.776206
17206.982559
18516.599638
8855.169850
33669.690800
17036.257834
21849.575285
15064.005728
13530.463185
27954.425763
36322.059162
26513.454943
13521.025972
17015.923341
28288.756571
24648.991526
34436.658174
22623.901371
1682.692659
20428.102908
18118.703596
26527.032447
12093.249554
14346.402546
19840.358949
8111.812846
24016.707035
26880.823101
21822.205230
24291.131821
25885.642295
22294.524211
18105.667138
18486.511420
9893.686440
17147.983035
10146.979768
9816.258381
25678.541477
13127.203990
10460.007445
12428.042587
21663.485116
22101.918228
12211.658042
13112.490642
10969.243697
18160.232385
7771.626182
25579.971662
1494.302513
16348.663165
26583.884387
10828.051350
5529.293433
3238.790112
12539.067147
19690.669644
8155.708820
8985.075847
26679.031836
9235.057872
27321.252841
3915.566149
9576.331807
15570.994670
22092.817515
17641.865357
13624.165938
11773.002717
22185.256495
29133.963403
8521.288601
13944.114724
12097.405562
12604.696374
5367.612623
18386.948975
27700.155018
25865.395397
24111.118917
20452.982639
1292.945347
26184.876003
27570.547468
20220.889586
17023.777616
13646.251616
446.808747
10755.384971
14707.594980
12196.699779
7709.213049
5181.319395
9529.877303
8992.936052
18131.476912
7913.780494
7889.001935
28031.045268
25717.549210
9182.579497
28117.226881
12516.395677
20474.391003
1704.882075
8564.443999
21201.209342
9214.670210
12959.057738
24237.432004
12770.521890
11477.889917
22345.774593
14067.984246
22281.651059
16558.908264
9994.255966
7880.948327
22833.294299
12204.749251
1331.210335
14462.984766
17957.231645
4668.719026
2970.695909
11358.760192
19366.555418
16913.161858
20525.137182
5159.271361
16822.959709
8270.752242
2440.406084
17471.678539
8651.552296
10456.210063
17126.811271
8673.082062
6199.972822
8207.444975
10532.065105
17548.842765
1738.859111
9248.909956
23312.670236
14218.870734
22775.968065
8803.225159
1970.315052
20540.452719
12231.848401
13287.255288
16255.745869
8341.989147
15516.905611
20054.930463
11390.090223
5955.561171
10131.130342
5953.191760
6565.635009
15150.100205
20387.644237
16523.118111
14244.323196
18335.624184
8604.640729
23737.783441
19645.404229
15548.440277
16824.015830
21076.312187
9692.384552
9060.312460
20807.627333
2390.812998
5863.665280
12008.661497
15666.866732
15814.579828
26346.592084
13101.737477
4752.969076
19942.179738
16154.771484
8508.336472
19784.825720
5360.705257
18264.075978
9825.353376
1640.745389
12113.452100
14277.396064
4410.928537
14718.345295
9213.918247
6792.515334
13083.979284
5313.820536
12499.652705
9112.519773
5227.656431
2246.521996
13428.918274
13473.927122
13215.777332
9783.511936
8137.287723
9278.498325
23512.705233
31440.150553
5018.581387
21377.030659
16537.790020
15626.807766
13014.487430
11827.047677
10308.552834
16837.468581
21984.793160
22713.810847
6429.262411
11733.091477
13930.653187
22728.771140
6462.841817
12707.363244
21036.294324
35028.411892
24956.010646
10690.205288
18660.864586
10473.565077
16682.429596
14442.496749
25131.225895
11422.128295
20545.650123
25968.965501
15423.722038
22671.744164
6911.878942
5582.279274
17814.354227
11825.590577
27172.584478
29712.288301
13699.402542
15859.251812
30454.293751
16180.677259
11793.874878
11724.638647
27141.612677
29005.850173
30692.720302
17278.915680
21189.932981
18339.478909
12682.146036
9572.857991
21606.657435
25939.552721
16317.364041
25799.017905
13473.942899
16581.031710
28287.776517
14562.894493
8182.154986
12855.844303
6882.919055
30371.897704
15849.082184
11697.035684
9785.688144
24983.978218
15564.374748
20559.307494
21398.097759
6011.119561
11019.349616
8181.394502
13673.060087
4776.338951
7814.067332
11939.931734
20008.704811
15503.483065
18849.250079
5728.399623
4288.361217
10179.137749
18048.398208
18124.589898
21251.885384
3939.841111
17799.844156
8268.117944
3357.913677
18289.370837
8800.529028
9146.646096
16530.432437
9979.915966
7092.100556
8849.851714
9306.627448
18876.707941
2289.856979
8296.173842
21981.992125
13539.278604
23998.668592
8531.838124
3294.262337
21633.876934
12282.387728
11956.203939
17461.253563
7081.900699
14298.978441
20576.057629
10596.316788
7047.166670
11449.489198
4629.368350
7451.175142
13824.817196
19268.669166
16960.940500
14266.876148
17024.900652
8884.398134
25049.185449
20482.943223
14224.683976
15608.199508
20566.084472
9894.742606
7912.437470
21806.068118
2200.919598
7031.375134
11669.454068
15082.416873
16677.600900
27122.835901
14063.078128
3935.484090
18943.788326
16474.950053
9743.642318
20530.515213
6601.701164
16951.126388
10296.079562
2698.937963
12714.528598
13605.095014
3298.612259
14150.338061
7925.001404
8123.072415
13596.922723
6249.232016
12669.716102
10189.947683
6551.026419
3139.526694
12794.300180
22996.615389
14578.514029
12760.195719
21695.513893
30974.075092
17125.113773
8161.268083
19397.811633
2610.810196
21132.094755
12145.717594
23447.965481
10756.830021
24062.706997
31056.177408
7984.548969
8501.815394
7826.986789
21548.334924
12433.538077
13272.857358
18276.823112
35768.977186
18973.295034
20993.289391
13506.626336
12844.069415
6218.898166
24322.808389
26131.693713
4176.318769
20210.559175
29634.905049
28271.696274
18273.814058
14515.445671
7910.488536
19643.727350
8168.574319
27323.121767
34758.978503
25889.363739
26216.761041
29782.307466
9906.837448
18296.476762
24940.242195
28670.580486
26662.586074
22033.212423
10227.473088
19688.042254
6386.050747
16656.631996
8707.696888
14875.938497
18993.242974
3244.257766
12969.087481
1903.151467
15560.800748
34405.156738
26336.982941
6771.474937
26029.263373
13023.326278
29780.209707
8153.797770
12848.043347
21291.521045
18942.786795
18800.098432
28637.028424
21264.483463
10473.527682
22607.630281
15449.153117
24028.183387
15490.420827
10489.642070
12364.585786
27518.148056
13342.956797
15783.942758
28734.426623
34879.332870
7343.232983
31157.538567
20311.556586
25405.774616
13480.754297
18792.182306
1421.190710
25022.365454
24986.825810
19918.839903
15747.264915
20162.232486
22641.887220
27704.233426
13670.140486
19204.589403
27144.513996
37312.137007
32108.448850
10155.291799
26224.295496
16971.923145
26153.646171
11951.139907
28349.271600
21003.292449
25407.741021
27071.285610
6670.840805
29345.857770
12165.959554
15233.580757
21934.601538
20360.514708
30680.316165
29144.912539
7154.952232
12104.358056
34127.112913
24533.628533
15045.520564
1957.187415
29702.303346
33863.798669
38641.992241
25707.506670
26604.481849
27976.243535
17087.148364
18013.664998
29405.198999
33432.580861
26072.903992
35513.641021
23173.414495
22700.964627
26925.500156
8683.475414
17475.982124
3210.788764
13338.118807
34000.778641
24655.714898
18293.496360
7208.193610
32160.035275
19381.594931
18500.665276
25977.127325
14277.848456
7318.133338
12644.108120
10789.496693
9185.954908
15685.454010
18807.621133
18705.148862
2669.251268
15899.854973
23375.972148
12508.234181
21855.700955
8409.244124
17162.322646
6595.099303
5590.826121
12938.295278
12183.911067
13847.618492
16681.761951
7008.129150
8034.769322
10567.686519
14996.373159
14147.808374
5869.783676
13917.457043
26891.124519
18767.073988
18392.310358
12999.680441
3711.863941
20076.509101
9822.177954
17011.904890
15140.567558
12734.666022
18011.104107
16024.203700
16020.533117
1326.904389
8009.964795
9744.672886
8346.231082
19095.270728
22154.736350
12751.160933
11780.548311
22422.945873
11870.084411
19921.085622
15080.079451
19004.635635
21295.785667
25416.904414
13049.742035
13640.812022
20887.780676
4564.752593
6382.899971
16214.710176
20121.704580
16748.354934
27345.972488
13730.266150
9417.236076
21098.978156
12703.976476
7820.904388
15338.753022
1734.100458
22332.334524
12524.163935
4995.283376
8074.358074
18819.551908
7431.493846
14298.113340
13500.943231
4397.206932
9228.993675
968.629840
9680.118779
4462.520236
4128.469673
5567.577099
13353.853316
14235.987753
22335.538269
14074.095228
19621.591429
7867.863633
15274.114143
8535.415015
3009.255424
15471.573138
9520.140728
13293.417200
18300.783397
6012.132546
5483.734901
7971.947939
13454.565937
14595.363749
3552.691779
11883.637092
26231.208931
16385.333841
19908.039505
10447.621291
1244.212890
18586.135560
12132.487920
16215.839451
13959.076346
11294.234326
18089.658851
18692.092348
13775.810803
3636.360237
7370.250269
8854.628824
5816.055180
18112.534972
22694.616859
15409.741399
14133.347222
21306.311864
9201.034370
20767.143437
17576.663867
18426.542954
19727.366298
22872.826359
10380.494067
11916.309144
19142.373672
4259.860230
4137.962301
13645.335235
17655.016844
14619.014972
25251.750462
11682.717836
7373.560877
21970.984885
15318.651213
6243.626457
17919.674508
2575.578305
21234.586551
9897.863035
2566.845004
10743.071985
16431.242005
6993.924164
15879.683482
12180.260969
3871.316383
11888.498197
3609.292477
12120.049203
6655.103629
2533.910151
3026.197292
14763.479966
9288.694509
28271.549453
24398.198029
8657.249553
23253.711553
16297.846123
11908.642769
28024.959319
11139.294511
6738.257253
20114.856569
18971.767764
13996.783382
13879.168430
1188.576358
28410.346141
10873.639288
3453.631343
14251.106215
7361.524374
34129.815357
8518.558102
13042.871508
27770.479172
19909.641554
6021.841357
24903.496919
3361.161427
11731.709891
29430.295597
4855.620815
17222.692213
20527.376246
6995.994376
14206.584938
6074.560759
17255.521046
25656.447880
21566.393115
8090.223401
11919.172354
34803.532618
30238.812078
8403.136851
5510.430797
14325.504564
11981.562592
2331.561244
27098.547719
11667.389535
15316.834316
9174.773889
9251.038550
21387.813281
30191.827989
19845.827741
7057.079947
18532.585629
24782.186700
18081.159945
30061.110757
16716.389816
8094.392763
13822.220800
11868.271995
22063.493479
7469.249770
9482.063593
18336.681777
3105.480729
17778.526451
22672.878035
16349.956724
20704.354251
20354.015600
15999.204629
11750.851891
16817.540421
35851.701107
33422.986619
15020.598961
32537.745528
21455.756811
20530.061547
33910.903693
20412.864163
9897.931993
20785.175948
27692.488797
23092.422632
23150.352921
9476.246102
36897.862850
19377.835808
12735.290684
5244.125842
14747.799993
41725.004050
17748.414480
21271.733421
37059.164506
24101.423973
6536.928257
34093.459880
11224.918023
9911.014558
33978.498992
13478.234762
24676.467928
29231.600519
13634.305236
23331.175455
4286.633646
13475.199541
30271.749658
25220.199330
1213.150006
21202.840925
43094.837414
36074.325852
5598.609991
5448.405630
19673.530255
21216.795692
11330.587303
36362.440767
18815.541676
24184.192824
17839.341555
16242.571376
30647.754282
39096.750875
29130.814231
15875.287496
15959.265303
29047.259314
27003.845259
35517.478681
24565.994075
1194.376090
23098.561548
20294.401045
27733.598359
14844.641955
16007.915192
19947.146019
10237.876156
26133.427605
27968.076672
23558.787996
25150.878458
27602.284829
24458.771738
20341.831194
18710.593330
25162.353249
20836.062426
19282.893554
15989.268541
16762.172796
8450.827626
21838.031826
26169.322262
24735.783615
11295.741578
16732.777393
18870.540444
27430.387623
6369.076092
17580.161198
25931.436453
39144.199116
29967.958688
5884.186622
23678.684484
15301.713435
19328.492677
16256.431603
29422.982721
14418.959837
25198.916135
29608.043172
13942.840464
27645.389006
11191.313020
10207.738718
22239.349239
16812.660242
31565.723760
32794.369497
13485.481160
17182.838130
34918.345857
21166.362060
8649.816290
8966.338194
31267.063137
33730.270833
35685.139668
22249.129779
25966.371282
21343.168888
17045.445735
14583.184566
26621.045224
30957.999448
20349.018428
28971.952964
17736.003944
21439.941909
31033.167552
14758.363844
13010.512440
10516.176481
11556.136488
34824.196386
20749.202173
16570.195612
11014.669114
29996.873132
19848.985573
22845.519354
25996.342046
11018.183352
11919.049952
12295.952391
15251.106253
8287.644734
12807.914723
16862.139469
22597.060390
24796.188909
5886.016731
28154.817814
18085.746287
31594.931219
13674.066694
28520.604622
37639.817722
15879.955880
14375.679382
12410.394857
24644.442815
19962.263549
18977.512256
21029.213223
38569.825680
19310.296114
28572.948935
15969.919712
19337.548151
8058.090046
31671.208641
29832.454164
11044.099031
23984.519511
34345.225294
36340.462583
19947.769484
22046.445217
16015.351617
24563.007056
14011.420925
30448.743418
39808.634198
33808.609067
33636.237466
32211.969648
13112.127773
25091.651070
33101.506574
32407.196695
28387.535438
19461.015622
12636.847082
22911.302401
5705.512180
22899.976506
15516.748300
15642.751185
18525.218257
5206.410132
5943.875407
8263.467936
19923.057451
39951.051629
34144.222884
14402.320489
34181.537273
20489.359999
32256.821146
11278.502377
18904.729991
29135.511285
19239.335047
24437.281433
35223.418555
24978.434216
18159.520197
30438.517523
22792.968464
31517.258125
23424.051666
17747.774599
18279.017321
33953.687007
21643.043740
7659.757960
7268.847680
19511.582234
11648.552979
5474.733350
13651.299243
13795.156133
10926.881241
12418.417717
7536.735259
22340.498668
6125.010779
8191.117326
18507.454351
14032.451986
26705.660179
10542.606475
7094.441808
25552.364990
11408.061601
8604.731171
21396.346390
5306.179359
10363.938204
20779.826659
10879.323510
9686.150015
15215.424560
1663.632952
11276.715209
10733.995482
15361.474649
17011.309192
13191.431701
14115.767516
11948.414200
28298.784869
21722.631884
10638.235944
13560.721238
21369.417839
12782.187889
6856.260382
25660.683898
3857.779849
10970.568020
13285.312960
15818.149518
20413.610063
30714.964151
17903.440442
5405.579545
15182.743413
16185.304370
13663.163161
21459.609033
9749.531527
14013.608633
13601.929069
6638.741572
13459.874565
14119.641932
987.364131
11410.428468
5708.840071
11727.579108
14023.992209
8540.338245
12122.913960
12582.218327
10314.788827
7048.445861
9926.745052
23697.293162
14451.069417
25908.661678
12131.346208
26111.119851
33573.993215
10591.308737
10718.746122
9606.293580
23215.063463
14139.120432
15534.167041
19802.899804
37451.337490
19789.742919
22757.039632
14840.180460
15285.475657
4624.744282
26923.925921
28000.219179
5270.894057
22048.710601
31772.504876
30804.137057
19482.183973
17121.564655
10455.110823
21774.827232
10366.693579
29047.357825
36990.145956
28474.260202
28822.882081
31333.425922
11335.040961
19556.500790
27338.475521
30563.566565
27992.483080
21991.523088
11408.768055
21368.361494
4023.339028
19072.287337
11175.017234
15723.666159
19561.317176
2254.781585
10370.429070
3739.769244
17499.309138
36740.853417
28938.222217
9371.011258
28475.725141
15623.140143
31344.226998
9446.024752
15190.525472
23890.919793
19746.215158
21096.605421
31151.897800
23097.295694
13083.482065
25207.873081
18041.689618
26636.711691
18080.753329
13057.709710
14666.487758
30006.740580
10482.450732
12461.802217
16917.713199
11607.146585
10134.624440
13580.174423
13889.599792
16224.661621
15155.911749
19467.430339
10009.464348
15658.483375
23865.231417
21366.366811
21520.678737
16794.527724
8906.736705
26668.598930
4016.610306
14954.071606
21687.941032
12960.534413
13804.355810
13135.226301
18262.181082
7015.535150
14467.994175
9309.001145
14242.130711
17315.879884
16836.082760
9358.743751
6000.963853
20756.923292
16869.224100
24385.825313
14618.640407
16221.989460
20955.217715
28595.280571
17963.123097
14499.565703
27467.369351
6075.765393
12663.221088
19900.223718
23048.827014
23145.344286
33776.250208
20179.931392
11929.103899
15277.897654
8543.147094
14399.962935
14114.290775
8269.297943
20621.981455
17991.248737
9653.940327
6288.351277
21444.663839
6940.701603
7794.308277
13277.669418
10952.946086
6558.494115
5823.456384
4523.135628
8244.347112
10642.622116
10339.779651
7039.026020
18476.234621
6680.089259
12245.029741
19560.712685
7162.714450
3772.324413
5802.773057
11277.481201
16508.969615
1205.953839
9220.884635
24782.288118
13418.171864
22517.219993
7439.188921
1883.660595
18284.461076
14356.733442
14788.915107
14215.236585
9308.194524
17590.828100
21566.917928
10904.812251
6642.661270
8705.449865
7710.502768
4136.655942
16435.219746
22620.783018
18184.201222
16376.956117
19434.372316
6481.966401
22897.665124
20585.465248
17186.111996
17414.608288
19864.919671
7629.936565
9581.347982
18452.661246
4817.770050
3801.033939
10641.452832
14654.015186
13387.477337
23906.995662
10717.873420
4855.554028
22289.873952
17970.700895
6609.192081
20912.104469
5513.722603
19383.335066
7509.343601
837.305735
13592.354845
13460.814314
6655.776926
17149.209987
10295.795412
5912.086207
14679.696553
6468.945907
14513.813329
9647.342029
4106.257461
220.584851
15867.940977
24849.723591
24036.681479
18545.757468
15976.934820
20098.070750
22614.967672
26969.712555
14687.350773
18804.768791
26577.651816
36215.520871
31678.616250
11566.301181
25914.039343
16623.705961
26879.611733
10682.628542
27394.698448
21673.157215
24679.713487
25916.734277
5495.104890
28851.368181
11835.213473
15595.688389
21152.806508
20317.455047
29742.325572
27854.025440
5733.997132
10742.436040
33188.521499
24402.922106
16383.714982
2214.015692
28668.666814
33071.590939
38339.527347
25584.261098
25940.433066
28625.297486
16435.906144
17986.388677
29116.697599
33059.194852
26462.995831
36107.345970
23513.418709
22185.109027
25595.453887
7266.244235
17671.881778
2607.528257
13115.550714
33057.830992
24635.809551
17928.471108
6177.308354
31734.189240
18603.498657
17174.685703
25206.153386
14309.284110
6115.159478
12172.443158
9517.008972
9021.146820
15601.135398
18475.304767
17427.056366
14864.768920
25164.244785
10684.049393
5105.364287
3360.305730
11180.915293
19855.106042
6916.727354
7685.679051
25374.983572
8701.550014
27212.299836
2749.807957
8539.523454
16688.961961
20882.429927
16218.225357
14368.601904
10322.155598
20699.711065
28206.419415
7533.321814
13092.851877
12059.977075
11114.181522
5039.316701
17034.339014
26208.995786
24860.264919
22895.773034
19206.561535
869.678751
26386.936717
26886.468971
18798.899631
15919.199151
13858.707564
1133.701752
9370.972164
15959.771820
10899.050734
7271.959582
4868.045133
9288.220906
10251.861833
19602.640508
8862.860353
6397.314886
26538.198197
24645.599857
9150.580597
27354.512725
11735.705013
19220.239917
2686.143620
7430.704238
20242.812331
8697.940486
11523.571299
22830.220963
11330.319382
10990.427731
21350.912624
13100.870165
21119.495652
15850.114535
9380.039054
6761.862612
21413.374917
13442.803546
19126.046319
15591.957439
16552.273557
5645.603615
27812.977203
11040.912410
8554.548900
13044.073892
13913.728191
32011.236103
12899.540372
12425.593876
30278.969407
14555.488907
3362.706391
26451.565205
4838.648374
5838.568070
24415.823620
11006.954018
15099.056741
20586.219531
4542.612821
15909.947476
5709.146418
11400.220756
20655.404289
15920.994099
9152.960458
15410.314090
33760.459568
26211.440249
5164.459457
9824.155658
21043.294316
15942.580640
6472.607961
30124.600676
9323.948313
16043.758812
14757.279316
15823.513775
24622.166667
34458.651252
22415.086829
8666.368566
12146.656610
19542.338289
18828.136589
25713.916668
15223.031158
9021.192275
17276.335337
11758.485906
17861.945372
14018.748106
6429.585696
11809.589283
4118.493987
17163.942812
18154.447924
13901.249283
15531.068979
17883.469239
15679.991118
12029.030481
10327.401716
23688.632602
23270.181088
25322.267810
18966.683820
29149.770943
18738.948845
21180.383067
20860.407324
26957.939918
29591.886857
24192.733425
18363.946738
36742.358324
8481.235600
15684.618273
31812.303473
17512.965917
10890.424223
15916.346966
23862.803398
17148.257454
24602.575576
14659.336012
23635.600714
17784.077987
10089.338682
13067.857324
7821.263364
20634.383121
25355.608365
33379.781249
20170.265010
15296.794113
22821.415488
34257.733520
26289.677164
19319.414192
37431.477066
14743.040860
22409.395193
26847.399690
28845.090156
32816.804294
43418.793501
29952.780666
19054.948705
7372.657687
11490.310614
24408.041204
18903.321762
18383.893385
20453.293070
26826.390234
18737.030086
13731.752177
27057.185507
13648.770688
2424.342261
17186.765936
21068.147302
12971.914960
15951.317006
9500.939448
17988.876538
20612.456052
19372.243933
3750.935497
5651.597537
7589.936382
18406.416210
9517.176611
8322.062174
16031.957839
31885.366546
19151.058141
16531.269696
12807.802501
6709.101311
13104.232407
16479.909293
21864.588051
8137.435164
16470.761692
24087.445319
20491.544691
17214.639042
6677.380448
1555.687694
14603.791637
5657.405180
23582.197554
28692.086573
17945.241749
18324.484423
26596.444079
9957.290855
16025.503716
17701.970167
24191.119191
24447.295242
24456.484570
10998.189675
16663.833039
14078.494137
10271.776509
3736.231905
15538.541153
19941.906891
10676.187388
20952.428955
7639.927486
11933.397819
27881.437119
18356.194096
1759.706221
18584.445676
5310.890932
26545.944320
9453.760574
7448.995268
13314.758587
19165.702304
12964.018948
21306.156203
17456.721461
2629.549508
14628.965357
7762.778083
16113.409327
7547.605435
3491.696007
7350.988287
20341.930213
2561.527216
13625.011524
15048.491059
4816.708497
10799.378759
27654.445005
13502.996563
22140.910449
7163.799116
4992.188347
14702.232995
17596.203672
17820.349860
11041.783699
12002.462526
21133.162472
23850.142856
11679.645289
8654.059351
7106.576605
11145.022497
366.140843
19206.642574
26282.920606
20732.844831
19603.911738
21937.748134
4463.574626
21587.775721
22063.116423
20318.020661
19338.393499
18960.026487
5599.027793
11788.049228
14734.170694
8545.627352
2188.169187
9917.125105
14304.157146
9615.973424
20158.953527
6979.118884
7282.050768
26034.995580
20737.506174
4291.263618
22653.719480
7147.518022
21911.798522
4570.887535
4561.428209
16009.978805
13516.434248
10383.564974
20851.420435
13048.859427
5952.109550
17216.674117
9002.746055
17603.697134
11083.522970
4497.515762
3980.689539
19600.208676
13722.363302
16545.897032
6591.512170
10479.879604
27949.546578
12061.321067
24086.713079
5969.348794
7335.936601
13974.801777
20013.016394
18398.078097
11154.970814
12450.335940
22279.730576
26411.416439
10757.269022
11214.643950
8866.975422
12325.933020
2303.626781
19511.107362
27613.471015
23286.775832
22028.445077
21960.904562
2519.931693
23066.036403
24554.955342
20958.561872
18945.153476
16880.371828
3433.128489
11862.653086
13595.895639
10598.230178
4631.273972
8169.231819
12586.993630
8080.934965
18306.871775
6013.417983
7905.079248
27598.904408
23270.622745
5948.957228
25180.400052
9708.446854
21956.844176
2021.611975
6639.464531
18567.471675
12056.892400
12029.328020
22919.645928
13501.222669
8373.996436
19768.656763
11533.456209
20068.510010
13613.116357
7031.354525
5976.007755
21607.106203
27780.791529
10191.191166
3628.998359
14238.934205
8310.131222
33301.654039
8679.796100
12288.421521
27680.447651
18739.963809
5353.929622
24617.216239
2298.100133
10858.194834
28290.982234
5573.817053
16322.672933
19958.937559
5873.103418
13858.516787
5853.423729
16431.037682
24514.083078
20386.471141
8313.503654
11917.045150
34126.449535
29183.673829
7857.524293
6302.324575
15398.206594
12096.318775
1861.206078
27111.698877
10676.987474
14807.743601
9726.298023
10215.923082
21419.261562
30489.181090
19727.233019
6481.094021
17585.310875
23623.949034
17606.103080
28976.011102
15890.338888
8290.855291
13839.014902
11166.092857
20975.434768
8416.580528
8388.018686
17165.969780
1920.270280
17084.305750
21560.613459
15405.049717
19544.845627
19434.435645
15330.410819
11106.864905
15644.582761
17594.405728
25540.565902
40810.452984
28498.881996
8617.930048
22190.672004
15626.657661
13338.218549
20809.822572
30806.686560
8919.850799
25744.056638
32154.996275
20171.803736
26704.980218
13060.486925
7981.533083
23440.524392
14987.176353
32697.819932
36091.842524
19256.038324
22113.070734
35843.449156
19051.503214
6542.083147
15334.479778
32971.421655
33907.690025
33232.168301
19949.901243
26087.089205
15529.823488
18515.685565
13252.207242
24709.098378
29130.257066
15638.867292
23145.801290
13556.832499
21353.390985
34730.591601
20348.943049
10769.288832
16864.886127
12620.579424
35779.711568
18096.685313
16637.596680
15914.515463
28505.196630
21402.755560
27015.514469
26685.040025
10764.873893
17053.307826
14379.074611
19977.055721
11238.167069
12461.717293
16675.242960
26470.704498
8351.927406
23591.459870
12905.219729
23383.070594
7214.800551
2308.592400
19435.020633
13965.778747
13591.068212
15415.201010
8167.912841
16413.980854
21620.514460
10232.049129
7052.355965
9855.252746
6509.152661
5172.616737
15261.112109
21486.432412
18140.923137
15979.696954
18292.329001
6867.505912
23940.648976
20949.862893
15981.858126
16384.010506
19585.946693
7953.673649
8542.078070
19546.713709
4074.491303
5006.915773
10435.775929
14254.763450
14388.400610
24839.325770
11795.001915
3873.967708
21221.023377
17823.401412
7813.439348
21181.542908
6128.191098
18237.629870
8129.299079
1011.030993
13652.227498
12955.947803
5568.423487
16342.802945
9139.969623
6905.379732
14671.994504
6652.980237
14215.892060
10160.322246
5139.245901
994.049075
15017.644694
17697.382951
5867.048208
31722.689258
5087.361011
10643.890027
24328.347189
19540.045640
8941.974706
21569.945719
3772.426241
14181.181926
28587.404469
2713.804362
15199.787784
17581.453476
6738.564889
10977.484970
9425.956595
19790.065007
24875.940815
21366.321417
11532.595268
8467.859571
32011.319046
28775.056984
11474.606853
8546.017978
13222.058719
8539.209696
2099.853711
23645.111304
10199.933153
12312.685322
6241.074302
7705.909880
17934.963363
26863.650275
16416.992747
4521.214131
20700.661328
24188.868642
14995.188952
28783.176457
14448.344006
11541.534552
10368.739478
9361.348860
20881.161582
5958.729893
8746.962627
19150.136591
4456.281878
15126.241585
21658.819786
14521.836384
20178.196501
18355.204463
13311.209696
9098.846741
17620.196703
19991.532451
44950.509711
22769.043061
25272.439193
41916.909879
25847.795942
10027.945156
38696.211684
15652.020670
10480.402028
35516.281969
18653.525680
28136.506501
33392.607083
17376.580109
27919.954919
8456.272497
11728.724595
31966.920399
26615.575604
6422.623662
26135.432279
46803.675847
38298.822124
7890.251475
10661.670636
24684.563964
26232.601967
16092.673652
41331.224773
22363.501495
28537.326306
23036.827967
21470.256785
35626.786099
44282.941220
33960.034052
20372.731956
14630.815683
30595.236585
31367.042304
37534.048352
28254.565868
6352.865816
28050.412932
24436.545280
30104.531970
20088.173803
19471.113903
20623.798860
14607.375115
30095.168335
30124.575914
26922.300306
26975.459420
30859.770892
28521.409660
24580.097317
19665.503088
35552.832483
6344.842653
15165.399293
24406.065497
25303.572399
13319.737509
22856.279380
9445.225605
19092.627799
34099.734540
3156.491582
19955.402154
20604.904956
12605.329181
13529.398825
12855.993182
24598.291265
30444.601614
27165.266088
13585.999484
9547.467718
35039.621798
33839.267233
15543.551208
9380.892483
7355.427799
8867.742128
7639.507554
23167.425212
15631.589512
15508.052106
4098.082172
1909.843499
17623.132924
24698.600441
17083.319582
9608.168640
25882.998434
29847.867447
17738.592648
34003.317839
18929.143067
13674.230073
10939.583732
13835.272482
26252.254754
108.110860
14529.802907
24978.243112
9858.840696
18949.859179
27126.735158
19506.221927
25887.816235
23039.163862
17170.502245
13370.558866
23446.331986
29222.290796
21124.923809
21669.748533
21226.623574
35281.622630
17528.937090
31076.618269
35268.748426
16495.776365
33345.928539
17074.636200
15225.797025
28120.133951
22176.361086
37438.493227
38177.009995
17266.647335
21818.502226
40797.718656
26487.783786
5660.537725
10893.915962
37086.637502
39598.904608
40966.888675
27513.267431
31818.244382
23970.026489
22925.825768
20058.017555
32056.022454
36442.852683
24219.878203
31512.745597
21983.570969
27253.447721
36243.033745
18748.793629
18138.721639
12619.238951
17415.353688
40702.488392
25855.505865
22372.046081
15979.228697
35575.763015
25718.314442
27899.302832
31879.003828
16672.418023
16622.863788
18166.216725
20132.331417
14133.188661
18487.140461
22629.078390
27824.010547
9294.192074
19416.903180
20810.734001
13881.840652
17084.270070
8148.993120
18719.042257
28832.326374
4800.679239
14081.805233
14269.824890
9666.577580
7204.440191
14509.654119
24299.602597
25325.478756
22787.147276
16538.218972
3605.257356
28732.701644
28024.282289
16449.445066
13175.665625
12425.846403
3468.775502
6946.046549
18617.813847
10732.220702
9167.989314
3221.947740
7304.020929
12902.448004
21836.999404
11612.404266
5151.672785
24869.450929
24941.158299
11421.663575
28337.780161
12904.229645
16559.024095
5405.102338
8008.729446
20866.702849
6362.042433
10646.147398
21944.959453
9090.464475
12672.798802
21874.652374
13834.862090
21194.936647
17058.270409
10924.312462
7439.666293
20468.495642
18824.803786
12679.930307
15245.104696
14398.714094
10161.542814
17427.177017
19686.437058
12535.140235
4806.266215
8161.010847
7922.179142
5349.485293
17076.248822
22201.791172
16321.415754
14697.076297
20223.953533
8295.543751
21871.434909
18746.058233
17517.744707
18543.248198
21717.261972
9459.339813
10717.579796
19223.822337
3825.101780
4140.564314
12505.797453
16460.722427
14453.033498
25064.249944
11612.551236
6139.069689
21631.886109
16141.350499
6633.547717
19044.652741
3819.603121
20157.447521
9172.696147
1331.355301
11713.550340
15212.841563
6294.623615
15940.141864
11074.286446
4861.815504
12811.447440
4585.430567
12769.791834
7875.488672
3257.635593
1856.284632
14742.440423
29534.025229
32337.172963
5291.109668
26405.588040
35829.151192
32103.087068
24090.728476
19772.895337
12444.838274
25847.102916
14375.238269
33484.806683
40902.531167
30224.612741
31325.258935
35859.439413
15872.908270
17546.434738
28005.425293
34881.420939
32585.424419
26305.237423
16007.360569
25824.460039
2460.589833
22649.423338
14698.226599
20345.822470
24136.158707
6796.557966
9843.908700
7961.546117
21773.172496
40454.049506
30899.645908
12362.452850
29337.242581
18406.632967
35864.840633
14012.305173
18952.366380
25885.213163
24361.237326
24919.467431
34342.480322
27458.834757
15732.721373
27196.786759
20862.506497
29093.874405
20072.083518
16159.985222
18504.664527
33307.494332
17778.729250
24382.393389
16631.980936
15414.524664
9885.142631
22179.484878
9819.128670
17111.042831
13006.797059
17937.261623
20161.065675
17197.417813
6175.866402
2020.237187
23539.330402
20799.970343
24898.753434
12613.007413
18620.814617
24245.988470
32565.731969
21911.490524
18256.822313
30549.159545
10086.622473
16165.421063
23915.214767
27012.392393
26570.310904
37159.539453
23547.277379
15929.496388
15060.225353
4986.851962
17552.976374
11708.476461
11300.852152
23388.320312
21840.332084
13541.938744
5271.309817
25384.348010
10793.259363
6673.633910
16828.034981
13884.668208
4675.465527
8903.028180
1166.062473
9858.973880
13947.634894
14228.794326
6754.347310
28836.725950
5953.819048
5905.770910
27660.572989
10856.017162
18290.705633
23367.386607
7366.979811
18107.495197
2383.320649
11290.279840
23917.252860
19043.008791
5805.089250
16883.603322
36867.940271
29566.223848
2580.887508
7137.593114
19962.778086
17208.355408
6941.324030
31967.836013
12451.162861
18566.814272
15078.676696
15176.717461
26337.077882
35716.949874
24388.671432
10577.759524
12809.381333
22758.392460
21391.609070
29048.859977
18300.930709
5668.125016
18804.005733
14417.929588
21218.676150
13427.847850
9587.666367
14379.209751
4911.532115
20074.392133
21490.772315
17130.624521
18787.490957
21148.512658
18493.465080
14583.156424
12985.664168
23044.246133
31759.634442
26845.238850
21884.913228
14709.627408
7275.606330
21924.352894
10779.861480
30247.227088
36598.719833
24933.530667
26134.536446
32925.788004
13499.509209
14329.106912
22885.668869
31307.878221
30082.011971
26196.232435
14004.944477
22764.731249
6976.665772
18167.182255
10435.789866
18778.626887
23000.463823
7042.319834
14570.266165
5899.170760
18323.750418
35928.916098
25616.441378
7765.503375
24164.061590
13428.951955
32907.138528
11922.225842
14768.290919
20610.855786
22833.462311
20664.240508
29436.961774
24090.346509
10745.896150
21919.848325
15864.626451
23897.857442
14813.263107
11444.834619
14433.349943
28479.088588
10595.417207
26085.845799
6374.839238
14061.567965
18013.006597
3651.588606
12269.908450
7209.545628
16196.155468
22316.060199
18338.189423
10126.633257
10957.123600
32032.273513
26893.729147
8526.207939
8566.691499
16757.381726
11348.460746
1806.898954
26014.038346
8382.164507
12969.512622
9924.295839
11336.306549
20387.038723
29897.951340
18449.920092
4720.787207
16972.380196
21468.211651
15794.935598
26702.295092
13682.486093
10075.183409
12871.118587
9107.471244
18703.696356
9544.782121
6120.903567
15560.158547
1054.061044
15000.950085
19313.058403
13122.180716
17395.519582
17160.644382
13283.136050
9122.606486
14027.979635
25036.085027
16426.970438
19110.671758
25456.829831
9999.474200
21467.550318
7417.659807
5610.070519
21501.699666
16135.206048
9849.263328
21233.101112
37713.811811
27953.777042
4590.390959
12664.691509
25860.030764
21780.397104
12082.297464
35794.669052
13853.815377
21329.469562
20422.218529
20976.269253
30360.599031
40285.854134
28050.727783
14447.733572
6905.729658
20117.682941
24024.832181
27120.998948
19599.247190
9663.810708
23085.841923
16995.205559
19895.749501
19200.436246
11133.571233
10264.356038
9743.445738
21870.838274
19802.835518
17806.293932
16556.006335
21453.600302
20595.766483
17370.443020
9210.413875
31086.083712
15210.253862
20361.270684
22436.487964
24118.850579
30043.493816
25871.323565
3783.464206
8901.289628
33424.444983
27887.284713
21645.868547
5604.237834
28472.403917
34020.237114
41117.973031
29069.307112
27581.645591
33738.762899
18469.490469
21884.337161
32049.974989
35657.224742
31150.257540
41111.899554
28129.469338
24494.521691
23277.068615
4941.581255
22082.212095
3889.217846
16703.175023
33273.261226
28416.207761
20887.272461
7976.845890
34168.540687
20008.811661
15198.441198
26411.367903
18458.169906
6980.754380
15107.349752
8885.366601
13030.073825
19431.873993
21515.918380
15912.041581
17256.648633
18729.171748
9450.015215
11780.557239
10831.815281
22004.821218
27404.043577
24028.167776
12268.789129
8397.525303
33233.556497
31031.749248
13258.469745
8546.225269
10509.497170
8088.372621
4588.176643
23145.227508
12626.304472
13488.071276
4403.465903
4995.600494
17452.257704
25629.484736
16373.736027
6670.500188
23101.357621
26768.043616
15970.248946
31123.172084
16348.587780
12318.388705
10129.257197
11209.239607
23295.212495
3246.633772
11393.596177
21853.026722
6896.150929
16673.528234
24127.921280
16703.824340
22785.314569
20386.034611
14860.234158
10824.184433
20322.127826
7460.369544
11051.321306
8935.775324
20393.304971
23095.168381
12097.905536
11701.398962
23731.225924
12715.271445
18705.731787
13944.176140
20246.730574
22622.420470
26507.579884
13900.499041
14958.916461
20731.501607
5861.015147
6788.579587
17281.622396
21266.931028
16881.849785
27406.069863
13830.395229
10688.584620
21915.423822
12202.661002
7756.406875
14290.065275
1569.754023
23638.999121
13211.212733
6128.064209
7364.148401
20004.961810
8703.359314
14806.753220
14826.138941
4066.898101
8595.621870
1325.695009
9520.893921
3156.971680
4367.139881
6647.998093
13968.721681
16078.651241
7078.146891
25109.422233
29961.818494
18050.206566
18882.556362
28139.539417
11302.126967
14504.392207
17189.279220
25672.897974
26002.739184
25743.647138
12298.431268
18218.917583
13660.550900
11608.275110
5274.736835
16926.843025
21342.500223
10867.383831
20805.479172
7939.850291
13487.715081
29056.577194
18589.177795
2919.727558
18192.158193
6276.325055
28087.697464
10638.760694
8964.520248
13542.670560
20616.538267
14360.166513
22248.055278
18994.248152
3663.795030
14861.403377
8660.176265
16649.778250
7704.148012
4907.204028
8890.613074
21353.047670
11475.186009
9359.334066
15289.279479
18665.267563
14750.877890
12679.918698
11523.464367
29517.558886
23365.118895
9595.585188
11929.226929
19959.508666
12239.569113
5255.498259
25797.588578
5194.345451
11505.694653
12190.910791
14429.855829
20400.043967
30503.851501
18051.344417
4717.639734
15432.898201
17820.495591
14285.750428
23117.479805
10955.063126
12588.021575
13290.338803
7216.204231
15116.878045
12696.447753
2553.034944
12520.483710
4054.858151
12720.067219
15687.579450
9971.711237
13750.797764
14033.738660
11179.700918
7493.367313
11003.230535
19468.513284
26629.734499
21024.284003
19943.295766
22171.992379
4355.244528
21528.984022
22267.923331
20612.537937
19522.024828
18872.488507
5464.115020
12015.347072
14384.092955
8911.747255
2350.203683
9882.540270
14284.619992
9251.036297
19792.883648
6626.942772
7552.672630
26392.798552
21044.890300
4217.915985
22879.880240
7416.629544
22148.415118
4324.366330
4927.341420
16297.051262
13539.934001
10740.624205
21216.661537
13318.598793
6116.324024
17510.726137
9314.758427
17935.284342
11311.232097
4727.914369
4344.302794
19966.218794
12305.437907
26300.567869
21412.023094
3447.025996
17767.320114
38852.638950
31919.407377
2960.286637
5248.600435
18983.766848
17943.203101
7682.071123
32957.798793
14532.932081
20151.704073
15212.688317
14613.031338
27270.037511
36259.950558
25524.251791
11928.164572
14218.123255
25139.633297
22981.125588
31419.067198
20305.385088
3321.750065
19690.454823
16148.163689
23569.097401
12962.333230
11721.300494
16606.929177
6174.237218
21935.287596
23859.929986
19272.283215
21170.809536
23315.850197
20290.744102
16239.534722
15249.792271
22743.982757
17267.531950
13842.464665
26708.511545
41220.232650
29689.585795
9350.953380
17432.518359
31190.248275
27303.373647
17691.644597
41011.327377
18445.960251
26251.303456
26031.121775
26463.972945
35681.043594
45752.505017
33252.513025
19885.629238
2972.118493
21210.211847
28833.390466
28585.456645
23841.720814
13657.163451
28531.516453
21953.783583
22274.571209
24706.367652
15987.506354
10758.001987
15353.329379
26308.246683
21863.037152
21769.631416
18356.279246
24999.864059
25228.527009
22400.952720
10445.213853
5491.075591
29694.220573
24597.692724
21860.349305
7120.336544
24796.583051
30238.665962
37526.664451
25770.598296
23827.860545
31666.305035
14819.872660
18878.050770
28531.065128
32036.044691
28602.357388
38842.032047
25547.097251
20854.927590
20303.029930
1582.485718
19417.502899
5853.428868
13647.382486
29545.344790
25263.524405
17465.448365
4738.624401
30515.913553
16253.870066
11986.719449
22631.517679
15686.862920
3522.195660
11800.535677
5129.796007
10401.942052
16435.983263
18115.205584
12514.174564
24732.383464
22818.343843
25823.652151
12455.236629
19666.769705
25704.463099
34454.667749
23927.905196
20005.636017
32402.963756
12076.626616
18143.940958
25874.130548
28897.238380
28518.597354
39089.419619
25485.927871
17864.620768
14888.070296
4009.004195
19455.175737
11318.595146
13211.839329
24574.109079
23859.678532
15561.894953
6234.248662
27248.145556
12635.699582
6511.483675
18467.058322
15753.450835
5270.098322
10847.047328
2239.025384
11444.360087
15896.180344
16248.787166
7041.619860
19999.031875
42073.053395
35364.389104
5338.032923
4367.350637
18686.274149
20006.336426
10161.278994
35153.524132
17872.967208
23063.801494
16634.618919
15111.738500
29438.595796
37890.791586
27935.599865
14743.479167
16189.327170
28507.295348
25878.485587
34853.929227
23573.478941
188.119224
21892.509392
19220.759309
27014.616182
13683.999825
15101.142242
19663.802226
9160.490969
25083.040818
27295.842174
22637.514139
24565.449701
26691.826654
23391.854095
19249.238335
18374.201384
25577.355639
26413.810200
19464.042907
16759.158648
14519.532897
1185.454671
10089.420608
15197.080685
10916.117952
6650.264372
5657.602116
10079.069304
9502.718470
19053.296701
8017.145371
6832.321402
26955.581907
24436.417485
8385.054057
26927.730853
11310.949333
20009.243431
1925.439933
7272.283130
19944.076881
9541.405795
11754.570743
22999.865994
11980.085816
10403.441741
21079.773733
12805.452073
20989.798722
15386.202337
8853.964207
6589.279246
21606.414426
16124.161466
38921.951200
40311.651178
39658.879132
26455.743117
32473.658924
19970.800542
24441.302598
19760.875715
31234.114644
35653.029754
21356.635858
27243.919471
19660.680484
27753.176926
39572.201525
23228.690846
17311.177371
17846.298543
18567.051031
42000.227351
24567.985084
22960.394355
19664.249247
35045.445498
27332.605306
31459.779059
32941.100558
17042.408935
20555.159630
19968.236935
23900.381241
16285.123015
18805.391432
23052.858813
31153.314731
30800.200181
35281.860236
40449.078486
27590.852711
28151.760566
29861.867469
18644.362127
19924.311152
31217.566597
35198.901692
28024.180295
37416.946998
25129.116386
24369.515529
27342.507835
8702.693210
19428.452305
1728.971057
15172.136325
35232.071859
26571.442687
20059.000696
8351.259690
33893.458100
20816.352055
18954.228444
27418.818242
16201.042934
8175.194012
14337.160989
11449.863775
11036.447226
17576.661911
20592.012047
19309.187387
8170.043668
21883.666134
19786.775439
9504.113474
34536.887449
14488.269340
20980.822318
17548.969859
17353.979964
28912.874194
38286.376744
26940.083454
13109.844863
11283.639189
23533.039547
23795.198590
30157.523047
20387.303703
5157.723854
21384.015317
16767.659607
22506.558029
15651.186319
11593.700130
14361.775807
7488.494354
22297.575183
22643.704833
19032.609278
19696.822812
22980.195333
20775.286073
16975.906824
13112.511755
14352.206854
16583.717859
7841.966593
31688.334279
16932.968296
20766.420675
12745.076371
10809.368409
25989.241693
33949.589030
24776.141425
12559.895452
19452.852513
29217.968079
23498.743340
34980.371958
22184.524109
4491.970734
18578.918994
17377.819026
26993.339001
9473.666634
14482.259005
21460.168715
7895.049701
23288.957143
27477.207989
21687.613475
25158.226426
25727.148752
21508.579042
17258.897639
20030.508455
13458.542846
14951.444549
24505.218913
22723.532550
21130.633782
9237.944199
5558.474567
19743.556300
23700.958027
20327.775235
16700.683569
32746.684321
37010.796453
22828.271802
40754.987442
25308.960556
18823.776187
15158.350221
20421.783281
33189.736760
7263.332246
21832.339080
32313.206179
17087.788423
24833.058902
34138.399590
26234.967772
33104.307245
29465.191370
23170.879475
19864.324152
30780.881515
10315.962085
15153.422483
11970.746957
7786.771199
4841.678133
9221.939907
9438.544897
18551.252805
8324.370217
7521.944491
27658.407948
25596.234318
9379.307886
28111.146832
12495.628070
20027.652552
2086.012200
8407.653254
21122.920998
8850.375459
12652.525945
23951.646986
12342.153642
11549.853826
22254.013190
13982.551419
22121.788805
16566.164603
10023.960596
7728.672933
22538.741711
25275.927874
9517.609571
13029.116935
8340.112663
9533.061765
19591.318057
28782.912894
17869.336114
4735.489422
18613.663553
23036.437150
15811.356840
28039.218395
14410.323017
10142.793086
12014.000642
9537.086738
20061.711803
7739.404695
7574.047437
17363.784321
2360.914039
15447.010305
20738.434161
14127.227448
18978.369468
18101.809616
13668.734492
9421.762675
15831.490097
23029.527669
15091.262456
19182.091798
22732.479122
5715.365860
7636.699112
7758.818652
21498.859080
40740.297908
32247.129767
13068.480851
31130.079209
19284.381699
35171.398397
13280.895176
19180.866148
27202.609549
23113.990035
25104.233732
35014.175745
27059.177371
16664.842881
28521.090147
21731.557111
30190.604291
21364.099682
16836.851649
18669.202183
33903.044646
7962.635864
13868.184076
17218.160397
18143.085746
28704.359589
15373.624285
6035.142291
17810.561098
14294.824424
10409.619014
18592.185444
5903.411771
17779.495041
12200.028303
3995.253070
10684.288664
15701.314836
2894.786140
12331.657634
9061.065782
8020.326315
11502.872586
4788.129875
10469.708845
8851.599352
6790.376784
4631.031515
11056.532569
12039.357200
16396.588677
10483.204859
21115.575766
7549.651900
8329.109257
25756.598304
18981.227021
2830.229536
20556.211366
5230.863141
23022.365574
6650.417331
4334.342901
14139.958687
15527.899912
10270.016207
19985.828251
13984.653858
3768.813304
15382.957681
7340.530069
16061.868844
8996.217328
2453.255525
4015.524554
18831.737319
4422.330101
13580.847113
21258.131469
12987.516760
8049.588498
26896.651390
28122.847067
14018.614005
31550.337549
16071.045208
16691.115677
6883.517384
11227.471681
24086.716571
4066.875168
13517.648509
24671.603802
10689.084351
15673.560383
25088.264815
17055.057220
24337.638121
20227.264822
13973.367848
10649.758725
23167.910631
17342.351470
23698.954455
17137.528226
11184.201808
27780.607077
31487.828501
18437.556448
35427.824829
20158.917778
15212.857838
11211.569517
15141.564154
27762.095081
1805.261329
16273.908358
26847.737602
11766.414714
19967.314808
28676.934535
20901.067388
27562.491763
24301.215779
18227.336341
14628.873129
25316.567221
10632.738729
3061.843626
15959.985934
35586.302371
28946.339187
9201.513504
29058.297664
15333.278746
29456.978312
7580.409236
14174.554748
23932.386701
17576.347196
19945.248701
30393.125894
21425.561693
12962.629909
25236.906030
17672.288215
26378.841001
18218.315080
12623.647466
13594.024704
29179.592971
13616.260108
25866.912878
45881.096935
39306.016752
19655.470701
38641.302742
25879.047255
37944.679623
17222.100616
24714.516474
34259.946755
24618.705673
30334.532488
40996.928319
30883.355090
23404.380474
35576.400523
28256.572575
36925.797805
28450.972449
23217.529108
24105.993326
39758.885520
13842.362998
33005.941500
25884.613295
6140.023062
26115.426206
12287.095480
27936.541860
6251.064718
11465.665043
20872.258542
17054.134227
17358.870538
27528.628762
19502.530591
9900.788872
22176.008693
14644.697952
23336.620912
15170.934258
9601.823917
10932.450170
26353.378523
20142.629398
20310.325074
11136.278474
24453.228012
9931.690225
14706.278066
8647.435325
4883.997024
16649.528269
9675.475448
5501.964175
16795.517349
5766.925756
10750.016375
17519.341442
10058.001351
16418.671683
13841.445440
8956.329648
4704.274603
15323.818529
18742.760950
28199.845499
26156.339230
22822.685134
16001.448037
28701.947899
21561.410613
20266.668778
25990.178686
15652.623534
8425.171204
16253.729355
25394.196087
19730.250373
20602.815490
16194.376598
23521.810851
24485.949150
22074.368857
8438.806656
19744.939865
7418.276373
13771.249751
28354.378016
25215.529961
17216.817082
5050.265985
29923.042109
15483.848150
10459.726361
21723.038029
15984.752872
3731.560381
11737.317150
4079.923239
10885.700177
16569.767145
17883.784273
11050.527073
20278.744153
6252.400755
25839.199662
7752.037230
7074.812708
14733.530067
17747.142177
12909.378286
21999.841432
16812.681077
3764.023896
16036.252544
8679.755590
17276.844953
9070.725760
3799.802048
6819.418474
20946.432592
15621.457784
34715.460329
27201.931889
20333.351958
8000.959589
34062.179662
20587.992908
17827.781655
27168.406656
16898.011923
7559.471205
14529.013217
10565.388973
11570.210629
18156.490018
20900.582536
18290.426796
23492.298516
11716.201401
5139.791260
8909.662411
18972.761068
8797.026087
16009.014065
14520.452744
2684.697931
10153.414797
2456.744338
11050.234549
4156.243224
2799.004790
5559.188500
15082.280458
21905.778757
19162.182597
26883.062973
13772.777158
14999.606156
19489.463311
9101.320485
25017.661469
27158.038589
22540.052618
24417.059975
26592.474739
23331.434247
19197.085994
18203.130297
8340.920441
20552.921898
10919.469310
13328.456599
24444.708053
13897.872153
10381.786924
21742.805966
13485.826295
21941.023561
15634.708043
9052.268457
7657.758425
23087.966230
12910.532404
13883.126960
5967.350695
16323.588869
10060.890510
5918.806283
13971.939865
5828.627873
13717.631396
9206.711692
4175.940155
687.077693
15050.803820
26317.032508
12587.474357
11929.617353
19168.684165
10984.587804
1319.091271
7142.875960
4236.775590
5838.565131
11697.359190
13539.589258
11864.396446
14613.027391
25075.041204
9962.104628
18979.066390
27194.662892
19561.750948
25965.698556
23085.642213
17201.917204
13414.791975
23543.204481
11341.724602
6602.820049
10834.733329
13196.047963
7553.153547
11446.464244
11595.128781
9474.443125
6437.803002
9899.974415
15326.869457
18691.077874
11323.840471
13588.874154
7787.982150
15802.420872
18202.280682
16962.375607
1532.334357
15928.506118
19718.888471
13837.822788
17643.212218
17893.795313
14231.371463
10105.744254
13799.992710
12282.234602
5133.508510
13556.858795
5433.877825
1819.265339
6049.394063
17748.779724
8279.205721
3536.696534
7157.255367
12948.872778
14615.539753
11417.910062
8730.094444
4063.696467
5049.147028
6430.232463
12707.759113
9211.478759
13769.560286
14400.705875
7915.900092
6586.311070
9678.121580
15232.597925
4252.065120
17147.615700
15675.373526
1364.899606 1379.771591 1117.649229 1402.873983 1344.466854 1234.271156 1035.869792 1295.538577 1242.337985 1313.799927 1223.084317 1006.645298 1142.649523 1339.633639 1294.728056 1166.237913 1175.083158 1300.555053 1136.658128 1368.740429 1151.193086 1228.574752 1153.819690 1262.655032 1452.046922 1380.191916 1138.213135 1075.198849 1068.980596 1248.778336 1251.868204 1149.394446 1480.520949 1320.958878 1213.437724 1201.718436 1242.602968 1139.784054 1035.561407 1138.313386 1232.084842 1021.776471 1232.813271 1334.447020 1209.025711 1067.914067 1000.399728 1176.669869 1068.331107 1433.888579 1481.725932 1103.515919 1193.169700 1473.610465 1361.715401 1436.346943 1072.147703 1067.965137 1265.241810 1269.451845 1313.287978 1231.013382 1452.174412 1143.527473 1314.136732 1398.407441 1008.274794 1476.241026 1013.991324 1247.514388 1304.038913 1007.770963 1020.004366 1269.020869 1365.415484 1499.471969 1366.950432 1299.957215 1197.075403 1189.244728 1347.786769 1356.850608 1441.379968 1087.135003 1217.347765 1144.011352 1088.470845 1157.958621 1189.397145 1265.482914 1369.415293 1293.695353 1315.892149 1133.686867 1014.967990 1283.227576 1377.665833 1388.416002 1222.033017 1145.426177 
17842.822934 2935.580404 4510.097923 7583.828699 5238.360484 17822.545523 5967.009343 4983.819518 5868.251277 3655.148938 18084.761429 5778.579321 18284.194564 7764.961922 2446.835089 11829.075219 3363.190145 12140.491537 18796.929563 5596.420023 3014.122261 11908.468567 20531.396193 16764.619080 18079.248576 7273.676880 14445.455901 10489.300829 6.853195 18481.336009 6673.717845 12248.549185 19567.287901 7161.454059 3766.264257 5795.996979 11277.902603 16508.833132 1209.174126 9219.304365 24784.522702 13414.282519 22519.257323 7434.195471 1889.475128 18279.542342 14363.540207 14791.429605 14211.421977 9309.403023 17595.239653 21572.921858 10901.859805 6647.681527 8704.360208 7714.185563 4130.566453 16437.015153 22625.812053 18190.465679 16383.763276 19435.531339 6475.323488 22898.024593 20590.405646 17189.003979 17414.327973 19859.904644 7623.370354 9581.264697 18447.150025 4824.356155 3797.757872 10636.275340 14649.561503 13381.360608 23900.634564 10712.190950 4855.168984 22295.470491 17977.182578 6606.345535 20917.416613 5517.824792 19384.557051 7502.491106 844.118519 13598.395368 13456.883355 6661.116423 17155.810888 10297.256591 5913.262459 14685.899651 6474.795599 14520.534619 9651.761636 4107.131933 225.270153 15874.439504 16.537962 14.692353 15.473331 11.819694 18.386734 15.674862 17.508287 18.071022 15.904949 11.795446 11.094349 13.648210 12.084406 14.622047 17.631798 10.669848 16.377776 12.444188 19.309736 11.226173 19.005852 15.492219 16.794714 17.828446 17.489146 19.244005 11.694812 12.622197 12.245268 12.571622 11.506241 16.004982 13.126537 14.638488 17.520876 13.536150 16.294171 10.892505 13.572746 13.999026 11.697283 11.321469 19.486498 19.149563 14.037936 14.949846 19.754535 17.953416 14.603824 12.444461 10.423018 15.134727 18.015394 11.353304 16.207351 11.517173 10.352719 10.036498 19.352380 19.024627 16.667632 12.485310 17.184965 12.941344 12.450296 12.853602 18.980769 15.096688 16.722760 18.341041 12.173333 12.838497 13.830974 19.393741 19.189806 18.428264 10.087151 10.611707 18.027189 10.711563 18.112897 12.497513 11.036278 17.646879 17.195775 12.967020 17.301489 11.182126 16.945733 13.336701 18.953885 11.504270 19.864004 15.716052 10.267810 11.906298 16.471685 12.618456 16.728860 12.876291 